0.054200782
0.05422648999999996
0.05426188300000001
0.05448164199999994
0.054221960999999985
0.05424692600000003
0.054284781999999976
0.054221682000000104
0.054235486999999916
0.05425497100000021
0.054239995000000096
0.05426583900000015
0.0542698989999999
0.05422665800000015
0.05422826000000014
0.05426116999999997
0.05429100799999986
0.05425944799999982
0.054269745000000036
0.054233514999999954
0.05424856399999989
0.054245115999999705
0.054255531999999995
0.054233961
0.054176779000000064
0.05411374999999996
0.05419137099999993
0.05420880899999991
0.05411551700000006
0.05417398999999978
0.054185224000000254
0.054105256999999796
0.05757999499999977
0.05428130600000003
0.05410510699999982
0.05418179300000059
0.05417384499999933
0.05412807199999925
0.05417068599999997
0.05429511100000006
0.054135657999999864
0.05418301300000028
0.054188896999999514
0.05410426200000007
0.05425779100000039
0.054185024999999776
0.05413041899999982
0.05418265499999997
0.05416972399999942
0.05411888099999995
0.054189046000000296
0.05417556700000059
0.054111046999999246
0.05426388400000004
0.054175350999999594
0.054127829999999655
0.05417216100000033
0.05416048500000059
0.05410589700000035
0.05418929100000014
0.05418385099999945
0.05412195900000061
0.05418952799999932
0.054165428000000126
0.05409417499999947
0.05418483399999996
0.05416810999999999
0.05409490100000003
0.05418924299999972
0.054172507000000536
0.054124456000000265
0.05418288799999971
0.054223789999999994
0.054100146999999765
0.05417741399999976
0.05416554500000004
0.0541082270000004
0.05418449999999986
0.05418452500000015
0.054117125999999516
0.054183325999998644
0.05422466499999956
0.054098776000000015
0.05418733499999995
0.05416632300000046
0.05411382499999995
0.054187591999999896
0.05416017599999989
0.05412034699999957
0.05418336700000026
0.0541783149999997
0.05411445100000023
0.05417636899999856
0.05416965300000065
0.054096096000000315
0.05417755899999932
0.05416956199999845
0.054094467000000535
0.05418562999999921
0.054184900999999286
0.05412857999999865
0.054190144999999745
0.0541671490000013
0.0541010799999988
0.054185475000000594
0.05416703299999881
0.054107960999999705
0.05417807199999913
0.054165377999998654
0.05417132499999866
0.05418893500000088
0.05416991899999957
0.054093785999999255
0.054185116999999394
0.05416707300000034
0.054108819999999724
0.054181786999999204
0.05417721199999903
0.054094438999999994
0.054179482000000334
0.054159558000000274
0.05409592100000005
0.05417856400000076
0.054160777999999965
0.05411222400000071
0.05418280700000011
0.05417198099999965
0.05412152099999901
0.05418691599999903
0.05417067999999858
0.05409714500000007
0.0541788650000008
0.05416851200000039
0.054100548999999276
0.0541990779999999
0.054181949000000174
0.05409968100000029
0.05424915600000091
0.05416747400000155
0.05410401199999981
0.05418003700000007
0.05416330799999969
0.05410152800000034
0.05419256400000094
0.0541652569999993
0.054104245999999634
0.054220927999999446
0.054180874000000045
0.05409995399999801
0.05418101700000122
0.05417279899999983
0.054117368
0.054156803999998004
0.0541737849999997
0.05415131599999867
0.0516637529999997
0.05419750999999806
0.05417100300000044
0.054118262999999445
0.054193884000000025
0.05416150399999964
0.05409759000000136
0.05417742799999914
0.0541735540000019
0.054110919999999396
0.054262941999997594
0.05417362100000034
0.05410660200000095
0.05419068800000204
0.05417891999999824
0.054096217999997975
0.05418676900000108
0.054168271000001766
0.054089403999999064
0.054330378999999596
0.05419042700000176
0.0541024049999983
0.054171916999997904
0.05416853700000246
0.05410992099999845
0.05418163099999873
0.0541697699999979
0.05413693300000233
0.05417950200000021
0.05418338599999828
0.054106191999999
0.05419580699999926
0.05420714599999954
0.05412971499999841
0.05419318799999928
0.05416216899999782
0.05410417700000281
0.05418369899999931
0.054174146999997674
0.05411121599999902
0.054186118000000505
0.05418733800000197
0.054112694000000516
0.05419200300000071
0.054177934000001926
0.05410153800000117
0.05418182700000074
0.05419695399999824
0.05408603600000106
0.054181565000000376
0.05419878600000061
0.0541075140000018
0.05419378899999927
0.054170277999997296
0.05409813200000002
0.054177224000000024
0.054203497999999684
0.05410570299999762
0.054183447999999856
0.05417334999999923
0.05411879400000075
0.054188724000002964
0.05418064699999903
0.05412032199999928
0.05418332200000009
0.054211312999999706
0.05408101200000104
0.05417844300000141
0.054168913999998125
0.054144917000002124
0.054189723000000356
0.054165353999998445
0.05410988599999911
0.05418265099999786
0.054169216000001796
0.05418234400000088
0.0541778430000015
0.05417273900000197
0.05409841200000187
0.05418288099999913
0.054185157999999234
0.05413794600000088
0.054192516000000523
0.054176099999999394
0.054150199999998705
0.05418996300000245
0.05416438900000031
0.05412953500000128
0.05418703000000136
0.05418008200000202
0.054117560999998204
0.054205201000002035
0.05418471200000141
0.05412683499999815
0.05420196200000049
0.0541725900000003
0.054112495999998345
0.05416980800000104
0.05416391700000034
0.054099695999997977
0.05419237299999935
0.05418133999999952
0.05164041700000155
0.054228808999997824
0.051625265999998504
0.05418870800000164
0.05166303200000044
0.05413056800000149
0.05163905300000238
0.05416492699999864
0.05164418000000026
0.054181168999999585
0.05163273499999832
0.05409388200000009
0.05163989899999777
0.054182023999999274
0.05165712399999833
0.05418306400000006
0.0516364540000005
0.054161659000001805
0.05163148699999809
0.054173167000001854
0.05170096999999885
0.05418436499999757
0.05161016199999935
0.05410868000000235
0.051639202000000495
0.054186809000000835
0.05162684099999737
0.05417822800000138
0.05162736499999809
0.05409766700000063
0.0516453410000004
0.054168285999999455
0.051656660999999104
0.05419934600000076
0.05162453299999825
0.05410097100000044
0.051630585000001616
0.054157878000005155
0.051638592999999844
0.05424405000000121
0.051623458999998206
0.05410226500000448
0.05166862699999797
0.05417419099999421
0.05162351000000598
0.05417617200000535
0.051626487000000054
0.054084646999996266
0.05163785199999893
0.05416970799999632
0.051637626999998076
0.05418186500000388
0.05163542599999715
0.054110153999999966
0.051626722000001735
0.054174378999995554
0.05161132200000651
0.05418712899999889
0.051690025999995726
0.054098675999995294
0.051642145000002415
0.0541764000000029
0.05161924000000084
0.0541835610000021
0.05162192999999604
0.05410899600000363
0.0516310909999973
0.054181389000000024
0.05162637699999806
0.0541831049999999
0.05162473400000067
0.0541166150000052
0.05163308699999902
0.05416372999999908
0.051617159000002744
0.0541806139999963
0.05162871499999966
0.054167176999996514
0.05163483100000121
0.054171316999998
0.05163978799999569
0.05416666499999678
0.05162284400000061
0.0545067529999983
0.05164465800000073
0.054161237999998946
0.05164164700000384
0.054181152000005284
0.05160724499999958
0.05409576699999974
0.05168687799999816
0.05417868199999987
0.051640046000002826
0.054182035000003737
0.05162203600000481
0.054117052000002275
0.05169908199999895
0.05415176999999716
0.05165992399999908
0.05419030699999894
0.05166442700000573
0.05417796299999367
0.051684137000002295
0.054235192000000154
0.05166027899999648
0.054211633000001314
0.05164430399999986
0.05410287899999844
0.051643628000000774
0.054201607999999624
0.05164787000000359
0.05420999199999699
0.051635306000001435
0.0541604379999967
0.05165286899999444
0.05424287700000008
0.05166186499999981
0.05420322399999833
0.05162887600000232
0.05418273600000134
0.05166057399999602
0.05418390899999537
0.05164646800000128
0.054182816000000855
0.051645435000004625
0.054101361000000736
0.05164370999999335
0.05416170299999834
0.051926788999999474
0.05418288999999987
0.05165127000000069
0.054133873999994364
0.05165351700000542
0.05416202499999656
0.05175649200000265
0.054171304000000475
0.05164532300000246
0.05410406300000403
0.051656585000003474
0.054168707000002314
0.05163560899999453
0.05416863100000313
0.0516792009999989
0.0541107089999997
0.05165341499999698
0.054189633000000015
0.05164232999999996
0.0542687979999954
0.051677783000002364
0.054100840000003814
0.05167033000000032
0.05417439499999688
0.051641806999995765
0.054286316000002444
0.05176237500000269
0.05414812400000102
0.051686072000002525
0.05418683900000332
0.051638130999997145
0.05418780999999484
0.05164316899999477
0.05409940199999852
0.05165636299999932
0.054174404000001175
0.05164554699999968
0.05418431100000021
0.051714803999999504
0.05410986300000076
0.05170246100000497
0.05417173500000416
0.051635406999999134
0.054184317000000704
0.051716036999998494
0.05411644800000204
0.05164279099999902
0.054239274000003945
0.05164637600000077
0.05418717099999526
0.05163765600000403
0.05411287100000095
0.051649795999999526
0.05418554600000647
0.05163115300000243
0.05420173699999964
0.051655820999997104
0.054179761000000326
0.0516560259999963
0.05416645499999362
0.05164205399999844
0.05418004600000614
0.05164710300000053
0.05417982600000215
0.05163834900000097
0.054159444999996254
0.051638152999998965
0.054172764000000484
0.051655738000000895
0.05408919599999962
0.05164761500000026
0.05416501999999923
0.051633031000001495
0.0541873220000042
0.05164740000000023
0.05412328599999938
0.051687944000001096
0.054207028000000435
0.05163953899999996
0.0541868079999972
0.05164014800000416
0.05410028499999697
0.051713448999997524
0.0541809200000003
0.05163684099999699
0.0541850359999998
0.051646348999994984
0.05412712800000463
0.05164891400000471
0.05422078600000191
0.051643990999998834
0.05418785900000245
0.051653553000001295
0.05411852399999617
0.05166169199999615
0.0541705949999951
0.05164100700000063
0.05417945199999963
0.05165019399999693
0.05411239099999676
0.051646176999994964
0.05416853100000196
0.05165437699999842
0.05417678199999898
0.05165155600000304
0.05409558400000236
0.05165095000000264
0.05417353500000388
0.05164077199999895
0.054181135999996854
0.051656036000004235
0.054125930000004985
0.05164256599999817
0.054234235999999214
0.05163722799999704
0.054190689999998654
0.05164920800000061
0.054105780999996966
0.051648432000000355
0.05418771000000078
0.05164111199999866
0.05420365799999871
0.05197636900000191
0.054114329999997324
0.051649724000000674
0.054175678000000005
0.051649111000003245
0.05418794700000262
0.05165416099999476
0.05412621499999659
0.05167546099999498
0.0541809599999965
0.05168988899999505
0.05417951399999765
0.05165309799999562
0.05410448800000012
0.051647203999998226
0.05416932500000371
0.0516415049999992
0.054180264000002865
0.05165872300000274
0.05412430100000165
0.05165581400000008
0.054162746999999456
0.051640685999998936
0.054184829000000434
0.05165201300000177
0.05410317000000475
0.05164796300000063
0.0541993120000015
0.05162202500000035
0.05422494700000158
0.0516406359999948
0.054124063999999805
0.05164871699999907
0.054182457999999656
0.051646537000003434
0.05419044599999978
0.05165454899999844
0.054128116999997644
0.05164840700000184
0.0541674120000053
0.05163092500000488
0.05418962300000629
0.05164935500000212
0.05414559500000138
0.05164514700000211
0.0541694349999986
0.0517068870000017
0.05417989600000084
0.05172539800000209
0.054105186000001027
0.05164349800000423
0.0541631339999995
0.051629572000003066
0.054186379000000784
0.05168224100000174
0.05410449000000028
0.05165020799999809
0.05417703500000215
0.05163831100000493
0.05417393599999798
0.05165228100000263
0.054126035999999544
0.051640274000000375
0.05418677600000166
0.0516361250000017
0.054235367000003976
0.05165018199999594
0.05417053099999691
0.05165781099999833
0.05417341699999412
0.05163996800000348
0.05418435800000054
0.05164776099999813
0.054107901999998376
0.05164939800000212
0.05418008800000251
0.05163747999999657
0.05418629500000094
0.05165055699999499
0.05411463499999769
0.05164526200000097
0.054168663999995204
0.05163179600000234
0.054180686999998784
0.05168422800000627
0.05411340700000267
0.05164194799999677
0.054163127000002476
0.0516475060000019
0.05410599800000426
0.05165169200000719
0.0541722779999958
0.05165672399999721
0.05418589699999643
0.051649902000008296
0.05410557799999083
0.05165206500001318
0.054183429999994814
0.05162283100000309
0.054284968000004596
0.05164662500000361
0.05411584499999833
0.05165008000000171
0.054251260999990336
0.05163334799999575
0.05424230500000249
0.05165509500000098
0.05410566599999811
0.0516809669999958
0.05420904000000348
0.051625766000000795
0.054197191999989514
0.051649754999999686
0.054109261999997216
0.0516606620000033
0.05417681299999799
0.05162588800000378
0.05419566900000916
0.051655113999999
0.05410412799999165
0.051658985999992524
0.054162442000006195
0.051685606999996025
0.0541759319999926
0.05174595500000123
0.054101547000001915
0.051642823000008775
0.05416179400000942
0.05162838600000441
0.05417851200000712
0.05165081799999882
0.05412006599999586
0.05165701600000716
0.05418590899999742
0.05162039800001139
0.054201938999995036
0.051635732999997686
0.05412538500000608
0.051648715999988326
0.054176799999993364
0.05162237999999775
0.05420864600000641
0.05165605899999548
0.05414981500000238
0.051657486999999946
0.0541737009999963
0.051707459999988714
0.05418529700000363
0.051652982999996766
0.05410479299999338
0.0516642549999915
0.054177648000006684
0.051626443999992944
0.05417834499999685
0.051641806999995765
0.05408950500000742
0.05165718599999991
0.0541719750000027
0.051628974999999855
0.05418817900000761
0.05170890300000508
0.05409923700000263
0.05170878499998821
0.05415913299999886
0.051624453999991715
0.054167649000007145
0.05165672900000118
0.05408624099999315
0.05165242600000397
0.05418464000000256
0.051622777000005726
0.054193032000000585
0.051638234999998645
0.05411159899999518
0.051654800999997974
0.054169642999994494
0.05162210599999639
0.05418596699999512
0.051653064999996445
0.05414664500000299
0.05164825600000711
0.05421589300000562
0.0516271770000003
0.05418764400000953
0.05164606900000024
0.05409901900000591
0.05165354499999353
0.0541612029999925
0.05163060499999972
0.05417499099999645
0.05165154799999527
0.05410596200000839
0.05164351399999134
0.05416662800000438
0.05167404399999498
0.054189401000002135
0.05165789299999801
0.05409798799999521
0.051685333999998306
0.0541694409999991
0.051634714999991616
0.05415695199999959
0.05165117500000349
0.054103198999996494
0.05164496199999746
0.0541680790000072
0.05162547700000175
0.05428009399999212
0.051657274999996616
0.05412331200000153
0.05165443699999628
0.054175169000004075
0.051625997000002144
0.05419299300000091
0.05165765899999997
0.05410845800000175
0.05165889199999185
0.05420349199999919
0.05162553200000275
0.054215047999989
0.05164264600000479
0.054102444999998056
0.05165005000000633
0.05416093600000238
0.051628894999993236
0.05418129699999952
0.05164003199999456
0.05415644400000019
0.051654103999993595
0.0541602849999947
0.051628930999996214
0.05417541999999287
0.0516476409999882
0.05410135900000057
0.05164954800000032
0.05418346699998722
0.05162701099999367
0.05418525700000032
0.05163618400000303
0.05410580400000242
0.051653529000006415
0.05415435800000523
0.05162175800001023
0.0541830009999984
0.051657074000004854
0.05415381699999955
0.051712944000001926
0.05417882599999757
0.05163594900000135
0.05418750499998737
0.051650318000000084
0.0541160949999977
0.05164708199998813
0.054172786999998834
0.05163836999999205
0.0541804089999971
0.051646230999992326
0.054108020000001034
0.05166088900000432
0.05417551600000081
0.05162904600000218
0.054180717999997796
0.05165173499999298
0.05411957699999448
0.051653509999994185
0.05421952899999383
0.05163126599998691
0.054175909999997884
0.05164744100000007
0.05412289299999884
0.05167511800000568
0.05417747900000336
0.051617910000004485
0.05419517400000018
0.05165742600000556
0.05410797899999409
0.05165542100000664
0.054169341000005033
0.05162711999999203
0.054173473000005856
0.051650469000009025
0.05410486899999967
0.051660818000001996
0.054212835999990716
0.05165712100000519
0.054194789000007404
0.051647646000006375
0.05410292500000935
0.05165068799999517
0.05416175400000611
0.051620993000000226
0.05418166299999427
0.05165865700000438
0.05409473099999218
0.05165160500000354
0.0541774160000017
0.05162988699999005
0.05418627299999912
0.05164806099999453
0.05409849799998767
0.05166378100000202
0.05418874299999743
0.051630846999998425
0.054215182999996614
0.05164394699998809
0.05411215899999888
0.05165120200000217
0.054156755999997586
0.05162592400000676
0.054183006000002365
0.051627591999988454
0.05165220599999998
0.05419446899999514
0.051632677000000626
0.05413537200000462
0.05163208400000485
0.05417106699999863
0.05162155899999732
0.054186826000005794
0.05175134099999923
0.054168584999999325
0.05163056700000368
0.054230183000001375
0.05162248100000966
0.054182140999998296
0.05162441299999898
0.05408715999999458
0.05163699300000246
0.054159676000011814
0.05163981700000875
0.054183985999998185
0.05161871100000326
0.0541565149999883
0.051640047999995886
0.05417169500000796
0.051630248999998685
0.05417618999999263
0.051612026999990235
0.05412079900000322
0.05165978600000187
0.05417632999999
0.051704807000007236
0.05418393399999388
0.05162915900000087
0.05411340999999936
0.05164067299999431
0.05418017099999872
0.051633540000011635
0.05419271200000253
0.051621624999995674
0.05414119299999243
0.05169079899999929
0.05417161100000101
0.051629148999992935
0.05417162800000597
0.05162401600000521
0.05409745100000407
0.051645773999993594
0.05418616199999349
0.051636351999988506
0.05421676000000275
0.05162914599999624
0.05410122199999989
0.051644930000009026
0.05417946000000029
0.05164625300000125
0.05421810600000754
0.051685131000013484
0.0541005429999899
0.05163429000000974
0.05426649300000008
0.05162686200000621
0.05418930599999783
0.05162702799999863
0.0541046620000003
0.051644392999989464
0.05428482599999995
0.05166177200000277
0.05419139400000006
0.051669394000001034
0.05410644699999523
0.051628272000002084
0.0541642479999922
0.051643573999996306
0.054196812000000705
0.05163223600000322
0.054085082000000284
0.05164522100000113
0.05417237900000771
0.05174085100000525
0.054187450999990006
0.05163344000000336
0.05407887100000153
0.05164410599999769
0.05419670199999871
0.051614642000004096
0.05418628900000044
0.05162923400000352
0.05412212000000238
0.05164920200000722
0.05417649400000357
0.05161612899999568
0.05419844799999396
0.05163144400000874
0.05410760300000561
0.05164272899999389
0.05418883400000141
0.0516412540000033
0.05422940599999038
0.051634409000001824
0.054110336999997344
0.05163276799999039
0.054188780000004044
0.051626763000001574
0.054193842000003656
0.051627422000009915
0.05409214099999815
0.05170143400000882
0.05416572500000427
0.05165192399999796
0.05420159000000524
0.05167395400000885
0.05411057300000266
0.05164134800000397
0.05417432699999836
0.05164142399999605
0.05417781100000241
0.05167625599999326
0.054132581999994045
0.05164066700000092
0.05417425299999934
0.05162456600000098
0.054215544000001614
0.05162623299999325
0.05409498699999915
0.051643251000001555
0.05416351699999211
0.0516236240000012
0.05418979899999954
0.051610769999996364
0.05410187600000427
0.05163075800000172
0.054173282000007816
0.05163709600000743
0.05420533000000205
0.05162804599999049
0.054189501999999834
0.05164016899999524
0.05416750899999556
0.051615514999994616
0.05417825299998924
0.05162647200000947
0.0541052739999941
0.051640188999996894
0.05416672799999844
0.0516359230000063
0.054176873000002956
0.051624830000008615
0.054091654999993466
0.051640970000008224
0.05416184099999555
0.05162991600001021
0.05419312799999432
0.05162892999999258
0.054097591000001444
0.05166567299998803
0.05416554899998971
0.05164392800000428
0.054194491000004064
0.05161507799999754
0.05410172800000623
0.051640980000001946
0.05418245699999602
0.05163379500000076
0.05418369800000278
0.051623517999999535
0.054103060000002756
0.051643272000006846
0.054179039000004536
0.05163403599999583
0.05418970399999523
0.05162137800000721
0.054089292000000455
0.051640719999994644
0.0542442670000014
0.051619527999989145
0.05417828699999916
0.05161872300000425
0.0540871420000002
0.051637726999999245
0.05418185700000322
0.051629863000002274
0.05418755899999894
