6.579200000000202e-05
9.030399999999938e-05
5.543899999999741e-05
5.545900000000076e-05
5.494899999999858e-05
5.98529999999986e-05
5.851899999999993e-05
5.5289999999999506e-05
5.483299999999719e-05
5.5081999999997966e-05
5.4854000000000014e-05
5.471199999999843e-05
5.5141000000001605e-05
5.4791999999997953e-05
5.479200000000489e-05
5.494200000000227e-05
5.4891000000001355e-05
5.4641000000001105e-05
5.469200000000202e-05
5.5242000000003955e-05
5.4722000000000104e-05
5.492099999999944e-05
5.483900000000097e-05
5.505000000000093e-05
5.496900000000193e-05
5.500000000000643e-05
5.5041999999998203e-05
5.4770000000002594e-05
5.4999999999999494e-05
5.490300000000198e-05
5.479900000000121e-05
5.490699999999987e-05
5.483899999999403e-05
5.4649000000003833e-05
5.4893999999999776e-05
5.485599999999896e-05
5.4731000000002306e-05
5.405600000000371e-05
5.4631999999998904e-05
5.481300000000078e-05
5.512800000000151e-05
5.488700000000346e-05
5.503600000000136e-05
5.499000000000476e-05
9.041099999999858e-05
5.469200000000202e-05
5.493699999999796e-05
5.4689000000003596e-05
5.506399999999356e-05
5.4789999999999006e-05
5.4794999999996374e-05
5.478300000000269e-05
5.493399999999954e-05
5.491300000000365e-05
5.4867999999999584e-05
5.376799999999571e-05
5.478000000000427e-05
5.521199999999893e-05
5.481000000000236e-05
5.8947000000003635e-05
5.827699999999547e-05
5.512000000000572e-05
5.47039999999957e-05
5.461100000000302e-05
5.484099999999992e-05
5.4812000000001304e-05
5.881700000000267e-05
5.501000000000811e-05
5.508499999999639e-05
5.489799999999767e-05
5.4906999999992934e-05
5.499000000000476e-05
5.519999999999137e-05
5.511099999999658e-05
5.4919000000000495e-05
5.510900000001151e-05
5.503800000000725e-05
5.500699999999581e-05
5.494899999999858e-05
5.490900000000576e-05
5.4944000000001214e-05
5.499599999998772e-05
5.4895999999998724e-05
5.505199999999988e-05
5.51170000000073e-05
5.487999999999327e-05
5.4885000000004514e-05
5.5421999999999416e-05
5.530800000000391e-05
5.5106999999998685e-05
5.2848999999993707e-05
5.503499999999495e-05
5.5020000000002844e-05
5.494000000000332e-05
5.5231000000002806e-05
5.4802999999992164e-05
5.4061999999993615e-05
5.483600000000255e-05
5.4876999999994847e-05
5.493999999998944e-05
5.486899999999906e-05
5.496500000000404e-05
5.4756000000003024e-05
5.494500000000069e-05
5.514000000000907e-05
5.4964000000004565e-05
5.483100000000518e-05
5.466999999999278e-05
0.00010965800000001247
5.4877000000008724e-05
5.494799999999911e-05
5.476799999999671e-05
5.798200000001197e-05
5.514699999999151e-05
5.4840000000000444e-05
5.472600000000494e-05
5.4867999999999584e-05
5.6475000000000275e-05
5.482199999999604e-05
5.479099999999848e-05
5.641800000000252e-05
5.490399999999451e-05
5.480399999999164e-05
5.470500000000211e-05
5.496600000000351e-05
5.479999999999374e-05
5.502899999999811e-05
5.476900000001006e-05
5.463700000001015e-05
5.47570000000025e-05
5.526299999999984e-05
5.48380000000015e-05
5.495899999999332e-05
5.476599999999776e-05
5.483900000000097e-05
5.4776000000006375e-05
5.481100000000183e-05
5.4731000000002306e-05
5.19370000000019e-05
5.467599999998962e-05
5.47350000000002e-05
5.4911000000004706e-05
5.47129999999979e-05
5.455799999999622e-05
5.5117999999992895e-05
5.500799999999528e-05
5.481400000000025e-05
5.468499999999876e-05
5.508499999999639e-05
5.4759000000001445e-05
5.9180000000005895e-05
5.724000000000007e-05
5.5253000000005104e-05
5.510300000000079e-05
5.510799999999816e-05
5.497999999999614e-05
5.342700000000866e-05
5.485499999999255e-05
5.486500000000116e-05
5.479899999999427e-05
5.491700000000155e-05
5.4911000000004706e-05
5.4818000000012024e-05
5.4818000000012024e-05
5.499300000000318e-05
5.482199999999604e-05
5.441700000000105e-05
5.503999999999232e-05
5.491700000000155e-05
5.489799999999767e-05
5.4752999999990726e-05
5.4761999999999866e-05
6.018200000000584e-05
5.533700000000252e-05
5.5962999999992213e-05
5.485199999999413e-05
5.491800000000102e-05
5.479899999999427e-05
5.502699999999916e-05
5.472900000000336e-05
5.487300000001083e-05
5.485199999999413e-05
5.474700000000776e-05
5.483300000000413e-05
5.508300000001132e-05
5.495899999999332e-05
5.7026000000001686e-05
5.480399999999164e-05
5.488799999998906e-05
5.4908000000006285e-05
5.4936000000005425e-05
5.476799999999671e-05
5.499499999998825e-05
5.4893999999999776e-05
5.572400000000699e-05
5.4982999999994564e-05
5.492900000000911e-05
5.48129999999869e-05
5.232699999999091e-05
5.47939999999969e-05
5.4949999999998056e-05
5.4805999999990584e-05
5.482099999999657e-05
5.476799999999671e-05
5.4768000000010586e-05
5.494100000000279e-05
5.4689000000010535e-05
5.4652000000002254e-05
5.486400000000169e-05
5.460899999999713e-05
5.516099999999802e-05
5.485799999999097e-05
5.489000000000188e-05
5.488699999998958e-05
5.492899999999523e-05
9.964199999999701e-05
5.526100000000089e-05
5.484099999999992e-05
5.484399999999834e-05
5.7780999999992866e-05
5.978600000000611e-05
5.495700000000825e-05
5.472699999999053e-05
5.4789999999999006e-05
5.4797999999994795e-05
5.497100000000088e-05
6.024799999999886e-05
5.488600000000399e-05
5.504700000000251e-05
5.494799999999911e-05
5.4814999999999725e-05
5.482000000001097e-05
5.4855000000006426e-05
5.1319000000008e-05
5.7165999999997386e-05
5.21539999999987e-05
0.00011030099999999321
5.386899999999806e-05
5.4853999999993075e-05
5.48930000000003e-05
5.3515000000003976e-05
5.517000000000716e-05
8.846699999999486e-05
6.356000000000417e-05
5.954399999999471e-05
6.09119999999963e-05
5.069299999999055e-05
5.686900000000106e-05
5.491800000000102e-05
5.476899999999618e-05
5.468399999999929e-05
5.4901999999995565e-05
5.496800000000246e-05
5.4946999999999635e-05
4.8880000000001145e-05
5.4193999999993525e-05
5.37570000000015e-05
5.33560000000044e-05
5.5060000000009546e-05
5.328799999999856e-05
5.612900000000198e-05
5.3207999999999034e-05
5.5665999999995885e-05
5.3717000000008674e-05
5.4807000000003936e-05
5.646499999999166e-05
5.466199999999699e-05
5.282800000000476e-05
5.581899999999862e-05
5.2652000000000254e-05
5.4647000000004886e-05
5.2905000000005864e-05
5.514500000000644e-05
5.311599999999195e-05
5.483600000000255e-05
4.942299999999289e-05
5.489799999999767e-05
5.2707999999998534e-05
0.00010605599999999327
5.27160000000082e-05
5.499000000000476e-05
5.387299999999595e-05
5.483900000000097e-05
5.265299999999973e-05
5.5673999999991675e-05
5.293699999998902e-05
5.560500000000024e-05
5.3668999999992306e-05
6.0385000000010014e-05
5.3058999999994194e-05
5.5708000000001534e-05
5.370299999998829e-05
5.473200000000178e-05
5.315999999999654e-05
5.5932999999994126e-05
5.2737000000011025e-05
5.474099999999704e-05
5.3102000000013194e-05
5.574599999999541e-05
5.386400000000069e-05
5.7132000000001404e-05
5.341799999999952e-05
5.506700000000586e-05
5.299899999999802e-05
5.4964000000004565e-05
5.3311999999999804e-05
5.5845999999998286e-05
5.279599999999385e-05
5.565299999998885e-05
5.329099999999698e-05
5.5777999999992445e-05
5.298000000000802e-05
5.572599999999206e-05
5.4099000000001896e-05
5.4812000000001304e-05
5.2890999999999355e-05
5.585900000000532e-05
5.320500000000061e-05
5.575099999999278e-05
5.290600000000534e-05
5.577800000000632e-05
8.716100000000226e-05
5.5213999999997876e-05
5.295400000000783e-05
5.48969999999982e-05
5.425499999998917e-05
5.5926999999997284e-05
5.343400000000498e-05
5.5842999999999865e-05
5.320699999999956e-05
5.484499999999781e-05
5.390799999999141e-05
5.476899999999618e-05
5.32600000000133e-05
5.568400000000029e-05
5.300300000000979e-05
5.4885000000004514e-05
5.3130000000012334e-05
5.57350000000012e-05
5.382399999999399e-05
5.494200000000227e-05
5.3350999999993154e-05
5.483700000000202e-05
5.5005999999996336e-05
5.499100000000423e-05
5.315100000000128e-05
5.474400000000934e-05
5.2967000000000986e-05
5.5828999999993356e-05
5.3050999999998405e-05
5.580699999999106e-05
5.2797999999992795e-05
5.49960000000016e-05
5.39960000000006e-05
5.584999999999618e-05
5.282200000000792e-05
5.487900000000767e-05
5.3058999999994194e-05
5.483700000000202e-05
5.405199999999888e-05
5.508100000001237e-05
5.273000000000083e-05
5.479999999999374e-05
5.398600000000586e-05
5.456399999999306e-05
5.340599999999196e-05
5.5866000000001637e-05
5.380500000000399e-05
5.4794999999996374e-05
5.3224999999990086e-05
5.48380000000015e-05
5.294900000001046e-05
5.478500000000164e-05
5.332999999999033e-05
5.508899999999428e-05
5.2949999999996056e-05
5.477399999999355e-05
5.325999999999942e-05
5.512199999999079e-05
5.273799999999662e-05
5.492900000000911e-05
5.3206000000000087e-05
5.4992000000003705e-05
5.306900000000281e-05
5.4870999999998005e-05
5.3040000000004195e-05
0.00010301699999999692
5.285300000000548e-05
5.4904999999993986e-05
5.318399999999779e-05
5.475800000000197e-05
5.284399999999634e-05
5.4662999999996464e-05
5.306400000000544e-05
5.4772999999994076e-05
5.2784000000000164e-05
5.4761999999999866e-05
5.3165999999993385e-05
5.5624000000004115e-05
5.3602000000013694e-05
5.4651999999988377e-05
5.2954999999993424e-05
5.458399999999641e-05
5.357200000000173e-05
5.487600000000925e-05
5.3114999999992474e-05
5.465599999998627e-05
5.273999999999557e-05
5.811699999999642e-05
5.347299999999833e-05
5.483100000000518e-05
5.328700000001296e-05
5.464900000001771e-05
5.322399999999061e-05
5.485400000002083e-05
5.286300000001409e-05
5.472900000000336e-05
5.3184000000011666e-05
5.4784000000002164e-05
5.37729999999792e-05
5.572100000000857e-05
5.304100000000367e-05
5.576700000001211e-05
5.288500000000251e-05
5.556300000000847e-05
5.3207999999999034e-05
5.4888000000002934e-05
5.2751000000017534e-05
5.568100000000187e-05
5.392700000000916e-05
5.5571000000004256e-05
5.385599999999102e-05
5.471300000001178e-05
5.315699999999812e-05
5.5832000000005655e-05
5.3125999999986684e-05
5.597799999998432e-05
5.318200000001272e-05
5.485899999999044e-05
5.301799999998802e-05
5.569299999999555e-05
5.3123999999987737e-05
5.484499999999781e-05
5.313399999998247e-05
5.500199999999844e-05
5.279299999999543e-05
5.493800000000437e-05
5.27600000000128e-05
5.478600000000111e-05
5.4170000000020035e-05
5.497299999998595e-05
5.378600000000011e-05
5.527899999999142e-05
5.3058999999994194e-05
5.596799999998958e-05
5.286699999998423e-05
5.5827999999980005e-05
5.310299999999879e-05
5.58719999999846e-05
5.3800999999992216e-05
5.5731000000003306e-05
5.3210999999997455e-05
5.60929999999793e-05
5.292300000001027e-05
5.484199999999939e-05
5.323100000001468e-05
5.527099999999563e-05
5.0677999999998447e-05
5.483000000000571e-05
5.267400000000255e-05
5.5002999999997915e-05
5.2251000000003156e-05
5.594100000000379e-05
5.360599999998383e-05
5.560000000001675e-05
5.58190000000125e-05
5.597100000001576e-05
5.383100000000418e-05
5.5904999999994986e-05
5.159000000001801e-05
5.4672000000005605e-05
5.2856999999989496e-05
5.73349999999917e-05
5.260300000001217e-05
5.570000000001962e-05
5.304899999999946e-05
5.4901999999995565e-05
5.373799999999762e-05
5.905200000000388e-05
5.6237000000014525e-05
5.492799999998188e-05
5.2835000000001076e-05
5.599000000000576e-05
5.3709000000012885e-05
5.494300000000174e-05
5.334300000001124e-05
5.500399999999739e-05
5.3071000000015633e-05
5.483700000000202e-05
5.278499999999964e-05
5.467700000000297e-05
5.3909000000018636e-05
5.466800000000771e-05
5.3608000000010536e-05
5.581499999998685e-05
5.325500000000205e-05
5.4999999999999494e-05
5.283600000000055e-05
5.49749999999849e-05
5.386399999998681e-05
5.417400000001793e-05
5.291500000001448e-05
5.483100000000518e-05
5.390100000002285e-05
5.574799999999436e-05
5.382000000000997e-05
5.4439000000017224e-05
5.2928999999979354e-05
5.498500000000739e-05
5.37349999999992e-05
5.5368000000000084e-05
5.371000000001236e-05
5.5807000000018814e-05
5.3613000000007904e-05
5.4597000000017326e-05
5.2712000000010306e-05
5.5704999999989235e-05
5.3995000000001125e-05
5.56949999999945e-05
5.276499999998241e-05
5.490299999999504e-05
5.2728000000001884e-05
5.4891000000001355e-05
5.366199999998211e-05
5.5707999999987656e-05
5.288700000000146e-05
5.473799999999862e-05
5.2909999999989354e-05
5.4728000000003885e-05
5.3069999999988404e-05
5.569999999999187e-05
5.264399999999059e-05
5.49370000000049e-05
5.300999999999223e-05
5.566199999998411e-05
5.2746999999991884e-05
5.481099999998795e-05
5.281799999998227e-05
5.4787000000000585e-05
5.2746999999991884e-05
5.568400000000029e-05
5.3026000000011564e-05
5.5504999999983484e-05
5.269299999999255e-05
5.547899999999717e-05
5.29119999999883e-05
5.478600000000111e-05
5.292299999998251e-05
5.499100000000423e-05
5.288900000000041e-05
5.607499999998877e-05
5.291699999998567e-05
5.493400000000648e-05
5.293200000000553e-05
5.565599999998727e-05
5.27410000000228e-05
5.488099999997886e-05
5.2915999999986196e-05
5.4765000000012165e-05
5.266800000000571e-05
5.486000000001767e-05
5.2738999999996095e-05
5.45730000000022e-05
5.265200000001413e-05
5.472200000000704e-05
5.27560000000149e-05
5.465400000001508e-05
5.2695000000019254e-05
5.4885000000004514e-05
5.2789999999997006e-05
5.464800000001824e-05
5.366500000000829e-05
5.4813999999986374e-05
5.294100000000079e-05
5.5973999999986424e-05
5.2746000000020166e-05
5.472700000000441e-05
5.367100000000513e-05
5.584099999997316e-05
5.267400000000255e-05
5.488900000000241e-05
5.2789999999997006e-05
5.49180000000149e-05
5.3027999999982756e-05
5.5421999999999416e-05
5.2698000000017675e-05
5.5616000000008325e-05
5.270399999998676e-05
5.49180000000149e-05
5.298000000000802e-05
5.47350000000002e-05
5.262799999999901e-05
5.502400000001462e-05
5.292499999998146e-05
7.121200000001493e-05
5.27560000000149e-05
5.4794999999996374e-05
5.2968999999986055e-05
5.473799999999862e-05
5.2672000000003605e-05
5.4901999999995565e-05
5.381700000001155e-05
5.4787000000000585e-05
5.252999999999508e-05
5.5752999999991726e-05
5.283899999999897e-05
5.4939000000003846e-05
5.2586999999992834e-05
5.493000000000858e-05
5.268499999999676e-05
5.48719999999836e-05
5.270500000001399e-05
5.496799999998858e-05
5.286599999998476e-05
5.465600000001403e-05
5.27750000000049e-05
9.068200000000859e-05
5.3085000000008264e-05
5.6035999999981545e-05
5.404500000000256e-05
5.591900000001537e-05
5.332499999999296e-05
5.5696999999993446e-05
5.268699999999571e-05
5.495700000002213e-05
5.397200000001323e-05
5.499700000000107e-05
5.373200000000078e-05
5.493200000000753e-05
5.288700000000146e-05
5.4805999999990584e-05
5.2853999999991075e-05
5.484699999999676e-05
5.396800000001534e-05
5.5165999999995385e-05
5.272900000000136e-05
5.494500000000069e-05
5.2845999999995286e-05
7.581600000000632e-05
5.2845999999995286e-05
5.496399999999069e-05
5.2949999999996056e-05
5.4971999999986476e-05
5.29559999999929e-05
5.5002999999997915e-05
5.222799999998751e-05
5.482300000000939e-05
5.375900000001432e-05
5.498199999998121e-05
5.386800000001246e-05
5.493100000000806e-05
5.4339999999986066e-05
5.491000000001911e-05
5.3784000000001164e-05
5.4906999999992934e-05
5.38190000000105e-05
5.590599999999446e-05
5.2895999999996723e-05
5.47560000000169e-05
5.274099999999504e-05
5.512699999998816e-05
5.3030999999981177e-05
5.467499999997627e-05
5.26760000000015e-05
5.485300000002136e-05
5.276499999998241e-05
5.498699999997858e-05
5.3136999999980894e-05
5.468799999999718e-05
5.3839999999999444e-05
5.4768000000010586e-05
5.2866000000012514e-05
5.490599999999346e-05
5.389199999999983e-05
5.562200000000517e-05
5.3861999999987864e-05
5.578200000000422e-05
5.382300000000839e-05
5.483300000000413e-05
5.26760000000015e-05
5.475099999999178e-05
5.3029000000009985e-05
5.728300000001907e-05
5.276700000000911e-05
5.595099999999853e-05
5.3189000000009035e-05
5.595399999999695e-05
5.3805000000017866e-05
5.7072999999990826e-05
5.714800000000686e-05
5.300399999999539e-05
5.180400000001639e-05
5.5322999999996014e-05
5.3075999999985246e-05
5.607499999998877e-05
5.317600000001588e-05
5.5928000000010636e-05
5.4629999999999956e-05
5.817799999999207e-05
5.280499999998911e-05
5.5856999999992496e-05
5.2824000000006865e-05
5.5934999999979196e-05
5.396199999999074e-05
5.5085000000010265e-05
5.298300000000644e-05
5.5736000000000674e-05
5.3018000000015775e-05
5.478000000000427e-05
5.289799999999567e-05
5.47560000000169e-05
5.277699999997609e-05
5.4895999999998724e-05
5.314800000000286e-05
5.488799999997518e-05
5.290799999999041e-05
5.5013999999992125e-05
5.296900000001381e-05
5.4895999999998724e-05
5.2883000000003566e-05
5.4917999999987144e-05
5.2939000000001846e-05
5.482600000000781e-05
5.3007000000021565e-05
5.471300000001178e-05
8.438699999999133e-05
5.6464000000006065e-05
5.255900000000757e-05
5.501200000002093e-05
5.382200000000892e-05
5.504700000000251e-05
5.407499999998677e-05
5.477200000000848e-05
5.292700000000816e-05
5.588900000000341e-05
5.387500000000878e-05
5.4901999999995565e-05
5.38740000000093e-05
5.477400000000743e-05
5.368399999999829e-05
5.488299999997781e-05
5.296700000001486e-05
5.4811999999987426e-05
5.3875999999980495e-05
5.608600000001074e-05
5.3043000000002616e-05
5.583000000000671e-05
5.25580000000081e-05
5.4992000000003705e-05
5.30549999999963e-05
5.4824000000008866e-05
5.282300000000739e-05
5.758000000000152e-05
5.313599999998142e-05
5.5066999999991983e-05
5.389999999999562e-05
5.5816999999985795e-05
5.29749999999829e-05
5.5693999999995025e-05
5.382500000000734e-05
5.499400000000265e-05
5.4091000000006106e-05
5.486000000001767e-05
5.392599999998193e-05
5.485599999999202e-05
5.2839999999998444e-05
5.4718999999980866e-05
5.274200000002227e-05
5.583000000000671e-05
5.3370999999996505e-05
5.473300000000125e-05
5.280499999998911e-05
5.581400000001513e-05
5.285899999998844e-05
5.483100000000518e-05
5.2720000000006095e-05
5.490299999999504e-05
5.282099999998069e-05
5.46949999999935e-05
5.2751000000017534e-05
5.500099999999897e-05
5.287500000000778e-05
5.493500000000595e-05
5.3648999999988956e-05
5.35180000000024e-05
5.378799999999906e-05
5.4768999999982304e-05
5.266199999998111e-05
5.480199999999269e-05
5.3016999999988546e-05
5.5779000000005796e-05
5.311599999999195e-05
5.585199999999513e-05
5.2784000000000164e-05
5.58340000000046e-05
5.3735999999998674e-05
5.4872000000011356e-05
5.3069999999988404e-05
5.481400000001413e-05
5.283700000000002e-05
5.587600000001025e-05
5.387500000000878e-05
5.473300000000125e-05
5.278100000000174e-05
5.598800000000681e-05
5.3939000000002846e-05
5.514599999997816e-05
5.282200000000792e-05
5.2701999999987814e-05
5.284799999999423e-05
5.565799999998622e-05
5.268699999999571e-05
5.5720999999980814e-05
5.306099999999314e-05
5.406399999999256e-05
5.3891000000000355e-05
5.476400000001269e-05
5.384100000002667e-05
5.5597000000018326e-05
5.2634999999995324e-05
5.486800000001346e-05
5.3800999999992216e-05
5.483300000000413e-05
5.251100000000508e-05
5.492700000001016e-05
5.278599999999911e-05
5.5698000000020675e-05
5.272400000000399e-05
5.48930000000003e-05
5.293599999997567e-05
5.4741999999996516e-05
5.26970000000182e-05
5.465100000001666e-05
5.305699999999525e-05
5.4779000000004796e-05
5.396699999998811e-05
5.4696999999992446e-05
5.268499999999676e-05
5.4821000000010445e-05
5.2723000000004516e-05
5.4779000000004796e-05
5.288200000000409e-05
5.481100000001571e-05
5.2735999999997674e-05
5.4872000000011356e-05
5.199100000000123e-05
5.483700000000202e-05
5.271199999998255e-05
5.4749999999992305e-05
5.368999999999513e-05
5.473300000000125e-05
5.283000000000371e-05
5.4898999999997145e-05
5.2723000000004516e-05
5.576999999998278e-05
5.262500000000059e-05
7.647099999999463e-05
5.2984000000005915e-05
5.5701999999990814e-05
5.2717000000007674e-05
5.486700000001399e-05
5.382800000000576e-05
5.4893999999999776e-05
5.362899999999948e-05
5.484799999999623e-05
5.3645000000018817e-05
5.501999999998897e-05
5.2682999999997815e-05
5.570200000001857e-05
5.371199999998355e-05
5.4741999999996516e-05
5.2541999999988764e-05
5.4808999999989005e-05
5.276300000001122e-05
5.46739999999768e-05
5.2530999999994554e-05
5.478500000000164e-05
5.2799000000020024e-05
9.103999999998669e-05
5.288900000000041e-05
5.495399999999595e-05
5.280199999999069e-05
5.56949999999945e-05
5.386099999998839e-05
5.492700000001016e-05
5.381700000001155e-05
5.47350000000002e-05
5.2624000000001114e-05
5.493000000000858e-05
5.286000000001567e-05
5.47939999999969e-05
5.2813000000012655e-05
5.485600000001978e-05
5.288700000000146e-05
5.415800000002635e-05
5.277400000000543e-05
5.494300000000174e-05
5.2898999999995144e-05
5.508999999997988e-05
5.307200000001511e-05
5.6861000000019146e-05
5.394000000000232e-05
5.583700000000302e-05
5.280699999998806e-05
5.493800000000437e-05
5.288200000000409e-05
5.432699999999291e-05
5.262799999999901e-05
5.493400000000648e-05
5.273999999999557e-05
5.503499999998107e-05
5.2712000000010306e-05
5.353199999999503e-05
5.307499999998577e-05
5.481499999998585e-05
5.3682999999998815e-05
5.502899999998423e-05
5.316600000002114e-05
5.5885000000005514e-05
5.383100000000418e-05
5.5875999999982495e-05
5.095099999999353e-05
5.50170000000183e-05
5.680999999999048e-05
5.5925000000012215e-05
5.496999999998753e-05
5.300999999999223e-05
5.48969999999982e-05
5.305199999999788e-05
5.505799999999672e-05
5.302899999998223e-05
5.481099999998795e-05
5.2837999999999496e-05
5.4917000000015426e-05
5.2765000000010165e-05
5.469299999999455e-05
5.299100000000223e-05
5.4744999999994937e-05
5.372900000000236e-05
5.562200000000517e-05
5.300799999999328e-05
5.57729999999812e-05
5.3504999999981484e-05
5.486300000001609e-05
5.311199999999405e-05
5.491500000001648e-05
5.3037000000005774e-05
5.517499999999065e-05
5.30549999999963e-05
5.486899999998518e-05
5.308100000001037e-05
5.4931999999979775e-05
5.380400000001839e-05
5.478500000000164e-05
5.276900000000806e-05
5.4816000000013076e-05
5.307199999998735e-05
5.4647000000018764e-05
5.124600000000479e-05
5.4845999999997286e-05
5.2976000000010126e-05
5.5093000000006054e-05
5.3885000000003513e-05
5.5113999999995e-05
5.3195999999977595e-05
7.188299999999481e-05
5.2925000000009215e-05
5.4787000000000585e-05
5.3021999999985914e-05
5.505699999999725e-05
5.292300000001027e-05
5.500499999999686e-05
5.273699999999715e-05
5.501999999998897e-05
5.284099999999792e-05
5.4791999999997953e-05
5.333400000001598e-05
5.489600000002648e-05
5.288200000000409e-05
5.4850999999994654e-05
5.284199999999739e-05
5.4858000000018725e-05
5.3029000000009985e-05
5.5703000000018044e-05
5.270599999998571e-05
5.493799999997662e-05
5.28740000000083e-05
8.646200000000936e-05
5.284699999999476e-05
5.506299999999409e-05
