6.361599999999551e-05
5.5020000000002844e-05
5.564000000000263e-05
5.5255999999996586e-05
5.4519999999995405e-05
5.5159999999998544e-05
5.4593000000005554e-05
5.528799999999362e-05
5.5315000000000225e-05
5.468800000000412e-05
5.4643999999999526e-05
5.4537000000000335e-05
5.4261999999999366e-05
5.4241999999996016e-05
5.402200000000079e-05
5.453200000000297e-05
5.45770000000001e-05
5.4359999999996356e-05
5.417800000000195e-05
5.441200000000368e-05
5.4385000000004013e-05
5.4221999999999604e-05
5.813299999999494e-05
5.759699999999951e-05
5.4338000000001e-05
5.411999999999778e-05
5.467300000000508e-05
5.458900000000072e-05
5.433000000000521e-05
5.464000000000163e-05
5.4291999999997453e-05
5.728599999999667e-05
5.4756000000003024e-05
5.485300000000054e-05
5.477100000000207e-05
5.4520000000002344e-05
5.4489000000004784e-05
5.3963999999996626e-05
5.446800000000196e-05
5.853599999999792e-05
5.456999999999684e-05
5.4638000000002684e-05
5.454600000000254e-05
5.439200000000033e-05
5.44150000000021e-05
5.424899999999927e-05
5.428200000000272e-05
5.443499999999851e-05
5.422400000000549e-05
5.414200000000008e-05
5.436899999999856e-05
5.3879999999999206e-05
5.414600000000491e-05
5.408900000000022e-05
5.4317999999997646e-05
5.396900000000093e-05
5.5380000000000706e-05
5.415300000000123e-05
5.424000000000401e-05
5.4138000000002184e-05
5.441000000000473e-05
5.468399999999929e-05
5.419899999999783e-05
5.4517000000003923e-05
5.4629999999999956e-05
5.435300000000004e-05
5.4727999999996946e-05
5.4379999999999706e-05
5.449300000000268e-05
5.431999999999659e-05
5.422699999999697e-05
5.4617999999999334e-05
5.469300000000149e-05
5.419899999999783e-05
5.428500000000114e-05
5.437500000000234e-05
5.44649999999966e-05
5.432400000000143e-05
5.470400000000264e-05
5.393499999999801e-05
7.496199999999786e-05
5.466099999999752e-05
5.439099999998698e-05
5.435899999998994e-05
5.4498000000000046e-05
5.446500000000354e-05
5.411999999999084e-05
5.4054000000011704e-05
5.4446999999999135e-05
5.4404999999993486e-05
5.4495000000001625e-05
5.4797999999994795e-05
5.454100000000517e-05
5.4426999999995784e-05
5.4498000000000046e-05
5.800499999999986e-05
5.796900000000493e-05
5.4235999999999174e-05
5.424899999999233e-05
5.466499999999541e-05
5.4097999999988544e-05
5.43969999999977e-05
5.4208000000000034e-05
5.442399999999736e-05
5.7926999999999285e-05
5.487999999999327e-05
5.45730000000022e-05
5.408599999999486e-05
5.40549999999973e-05
5.436099999998889e-05
5.425500000000305e-05
5.447599999999775e-05
5.738700000000596e-05
5.437199999999698e-05
5.431100000000133e-05
5.426300000001272e-05
5.4370999999997505e-05
5.4349000000009084e-05
5.438099999999224e-05
5.438600000000349e-05
5.431999999999659e-05
5.4385000000004013e-05
5.442499999999684e-05
5.4388000000002434e-05
5.4385000000004013e-05
5.444500000000019e-05
5.4523000000000765e-05
5.412899999999998e-05
5.458399999999641e-05
5.550699999999631e-05
5.463800000000962e-05
5.434399999999784e-05
5.435599999999152e-05
5.42719999999941e-05
5.3989000000004284e-05
5.440200000000894e-05
5.419799999999142e-05
5.442299999999789e-05
5.4446999999999135e-05
5.42129999999974e-05
5.4367999999999084e-05
5.4114999999993474e-05
5.4345999999996786e-05
5.4195000000006877e-05
5.452699999999866e-05
5.492900000000911e-05
5.44370000000044e-05
5.44550000000088e-05
5.453400000000885e-05
5.4338000000001e-05
5.466999999999278e-05
5.434800000000961e-05
9.428300000000056e-05
5.5517000000004924e-05
5.4780999999989866e-05
5.457200000000273e-05
5.452999999999708e-05
5.4081999999996966e-05
5.444300000000124e-05
5.4269999999995155e-05
5.442700000000966e-05
5.447899999999617e-05
5.4106999999997685e-05
5.4300999999992716e-05
5.445800000000722e-05
5.446199999999124e-05
5.444300000000124e-05
5.396699999998811e-05
5.4210999999998455e-05
5.4425000000010715e-05
5.435999999998942e-05
5.4190999999995104e-05
5.4350999999994154e-05
5.425400000000358e-05
5.438200000000559e-05
5.43929999999998e-05
5.42970000000087e-05
7.844099999999854e-05
5.493599999999155e-05
5.436200000000224e-05
5.4537000000007274e-05
5.416199999999649e-05
5.435499999999205e-05
5.4658000000012974e-05
5.445399999999545e-05
5.518499999999926e-05
5.4578999999999045e-05
5.4510999999993204e-05
5.449400000000215e-05
5.4388000000002434e-05
5.438099999999224e-05
5.468699999999771e-05
5.4527999999998134e-05
5.4900000000010496e-05
5.488099999999274e-05
5.461100000000996e-05
5.4487000000005836e-05
5.442499999999684e-05
5.424300000000937e-05
5.4249999999991805e-05
5.452400000000024e-05
7.144700000000226e-05
5.472100000000757e-05
5.444899999999808e-05
5.469199999999508e-05
5.4380000000006645e-05
5.423799999999812e-05
5.418199999999984e-05
5.4454999999994924e-05
5.751900000000587e-05
5.464800000000436e-05
5.4540000000005695e-05
5.4537000000007274e-05
5.4168999999992806e-05
5.455500000001168e-05
5.44960000000011e-05
5.842600000000031e-05
5.862800000000501e-05
5.4548000000001484e-05
5.4662999999996464e-05
5.461099999999608e-05
5.431999999999659e-05
5.460000000000187e-05
5.444500000000019e-05
5.443800000000387e-05
5.448500000000689e-05
5.4840000000000444e-05
5.439999999999612e-05
5.433000000000521e-05
5.4609999999996606e-05
5.4629999999999956e-05
5.464499999999206e-05
5.463399999999785e-05
5.348399999999254e-05
5.413399999999735e-05
5.378100000000274e-05
5.464999999998943e-05
5.474600000000829e-05
5.4647000000004886e-05
5.4624000000003115e-05
5.465299999998785e-05
5.487299999999695e-05
5.459800000000292e-05
5.454900000000096e-05
5.465699999999962e-05
5.4659999999998043e-05
5.4679999999987516e-05
5.482099999999657e-05
5.485000000000906e-05
8.551599999999382e-05
5.54519999999975e-05
5.4720000000008095e-05
5.461199999999555e-05
5.4606999999998185e-05
5.328000000000277e-05
6.020400000000814e-05
5.489999999999662e-05
5.265699999999762e-05
5.4883000000005566e-05
5.29559999999929e-05
5.506799999999146e-05
5.2593000000003554e-05
5.48380000000015e-05
5.278199999998734e-05
5.47719999999946e-05
5.262500000000059e-05
5.4383000000005066e-05
5.270400000000064e-05
5.4558999999995694e-05
5.283300000000213e-05
5.464999999998943e-05
5.248000000000752e-05
5.4523000000000765e-05
5.2705999999999587e-05
5.526899999999668e-05
5.294299999999974e-05
5.4774999999993024e-05
5.2675000000002026e-05
5.464499999999206e-05
5.2176000000001e-05
5.479999999999374e-05
5.617900000000342e-05
5.4602000000000817e-05
5.2071000000000756e-05
5.494300000000174e-05
5.304899999999946e-05
5.488700000000346e-05
5.169600000000385e-05
5.827999999999389e-05
5.621599999999782e-05
5.426599999999726e-05
5.3477999999995696e-05
5.4621000000004694e-05
5.185800000000185e-05
5.524499999999544e-05
5.274700000000576e-05
5.4140999999993666e-05
5.306600000000439e-05
5.4708000000000534e-05
5.217000000000416e-05
5.4550999999999905e-05
5.241900000001187e-05
5.444000000000282e-05
5.2652000000000254e-05
5.457999999999852e-05
5.266799999999183e-05
5.4536999999993396e-05
5.229599999999335e-05
5.4467000000002486e-05
5.263699999999427e-05
5.453799999999287e-05
5.236499999999866e-05
5.4274999999992524e-05
5.2624000000001114e-05
5.7472000000002854e-05
5.257000000000178e-05
5.440299999999454e-05
5.217799999999995e-05
5.434699999999626e-05
5.251700000000192e-05
5.441700000000105e-05
5.238999999999938e-05
5.825800000000547e-05
5.316200000000937e-05
5.470900000000001e-05
5.26139999999925e-05
5.426899999999568e-05
5.269199999999308e-05
5.4223000000006016e-05
5.24370000000024e-05
5.4251000000005156e-05
5.2525999999997186e-05
5.4109999999996106e-05
5.2425000000008715e-05
5.39370000000039e-05
5.2257e-05
5.455500000001168e-05
5.60549999999993e-05
5.441300000000315e-05
5.2707999999998534e-05
5.447900000001005e-05
5.26350000000092e-05
5.428000000000377e-05
5.240900000000326e-05
5.425000000000568e-05
5.2525999999997186e-05
5.430499999999061e-05
5.3237000000011525e-05
5.468799999999718e-05
5.2547999999999484e-05
5.441700000000105e-05
5.256699999998948e-05
5.455999999999517e-05
5.2540000000003695e-05
5.437999999999277e-05
5.2571000000001256e-05
5.414600000000491e-05
5.257499999999915e-05
5.4891000000001355e-05
5.273299999999925e-05
5.4234000000000226e-05
5.254899999999896e-05
5.457400000000168e-05
5.578300000000369e-05
5.4201999999989314e-05
5.248300000000594e-05
5.4312000000000804e-05
5.2314999999997225e-05
5.4152000000001754e-05
5.2807000000001936e-05
5.484099999999992e-05
5.718200000000284e-05
5.439999999999612e-05
5.2547999999999484e-05
5.4265000000011665e-05
5.235000000000656e-05
5.41540000000007e-05
5.268999999999413e-05
5.407000000000328e-05
5.224700000000526e-05
5.442899999999473e-05
5.253800000000475e-05
5.445699999999387e-05
5.231299999999828e-05
5.435199999999363e-05
5.233000000000321e-05
5.8073000000005703e-05
5.2657999999997096e-05
5.4366000000000136e-05
5.274600000000629e-05
5.407999999999802e-05
5.253199999999403e-05
5.4223000000006016e-05
5.2223000000004016e-05
5.4142999999992614e-05
5.236399999999919e-05
5.504600000000304e-05
5.268700000000959e-05
5.421499999999635e-05
5.255199999999738e-05
5.43159999999987e-05
5.2256000000000524e-05
5.427699999999147e-05
5.249000000000226e-05
5.483100000000518e-05
5.23960000000101e-05
5.43560000000054e-05
5.213899999999272e-05
5.437999999999277e-05
5.228100000000124e-05
5.4849000000009585e-05
5.251600000000245e-05
5.8221999999996665e-05
5.2441999999999767e-05
5.4086999999994334e-05
5.196600000000051e-05
5.394799999999811e-05
5.202099999999932e-05
5.404999999999993e-05
5.229500000000775e-05
5.5499999999999994e-05
5.274900000000471e-05
5.428500000000114e-05
5.2558999999993694e-05
5.461599999999345e-05
5.242299999999589e-05
5.437199999999698e-05
5.245700000000575e-05
5.438600000000349e-05
5.247200000001173e-05
5.43560000000054e-05
5.218199999999784e-05
5.455300000001273e-05
5.239599999999622e-05
5.523999999999807e-05
5.591200000000518e-05
5.459000000000713e-05
5.2670999999990253e-05
5.4613000000008904e-05
5.236200000000024e-05
5.418199999999984e-05
5.251599999998857e-05
5.423999999999707e-05
5.228000000000177e-05
7.350500000000149e-05
5.314500000000444e-05
5.417400000000405e-05
5.240399999999201e-05
5.427899999999042e-05
5.249099999998785e-05
5.470600000000159e-05
5.252399999999824e-05
5.4314999999999225e-05
5.239300000001168e-05
5.453999999999182e-05
5.251700000000192e-05
5.446299999999071e-05
5.229199999999545e-05
5.428100000000324e-05
5.220700000001244e-05
5.4510999999979326e-05
5.2970000000013284e-05
5.4664000000009816e-05
5.237299999999445e-05
5.448999999999038e-05
5.254500000001494e-05
5.473699999999915e-05
5.456199999998024e-05
7.121200000001493e-05
5.28969999999962e-05
5.4629999999999956e-05
5.243899999998747e-05
5.443599999999105e-05
5.26949999999915e-05
5.4254999999975295e-05
5.252199999999929e-05
5.4333000000017506e-05
5.2690999999993604e-05
5.420899999999951e-05
5.2904999999991986e-05
5.5021000000016196e-05
5.2731000000000305e-05
5.4360000000003295e-05
5.308300000000932e-05
5.4307000000003436e-05
5.298000000000802e-05
5.4274999999992524e-05
5.250200000000982e-05
5.4434000000019855e-05
5.236999999999603e-05
5.4266999999996735e-05
5.258799999999231e-05
5.443099999999368e-05
5.375099999999078e-05
5.4810000000016235e-05
5.285499999999055e-05
5.427699999999147e-05
5.2800999999991216e-05
5.410100000000084e-05
5.242899999999273e-05
5.461400000000838e-05
5.6218999999996244e-05
5.4170999999991754e-05
5.2456999999977993e-05
5.4019999999987967e-05
5.2341000000011295e-05
5.41350000000107e-05
5.268799999999518e-05
5.4208000000000034e-05
5.27349999999982e-05
5.425500000000305e-05
5.275199999998925e-05
5.480400000001939e-05
5.299400000000065e-05
5.427200000002186e-05
5.250200000000982e-05
5.462500000000259e-05
5.3024999999984335e-05
5.422099999999319e-05
5.253999999998982e-05
5.463399999999785e-05
5.239499999998287e-05
5.444700000001301e-05
5.265200000001413e-05
5.442500000002459e-05
5.2397000000009575e-05
5.4565000000006414e-05
5.269999999998887e-05
5.429100000001186e-05
5.250999999997785e-05
5.4637999999995746e-05
5.286099999998739e-05
5.4266999999996735e-05
5.2218999999992244e-05
5.738599999999261e-05
5.198500000000439e-05
5.3488999999989906e-05
5.1816000000010076e-05
5.361299999998015e-05
5.168499999999576e-05
5.3512000000005555e-05
5.179999999999074e-05
8.028399999998603e-05
5.2645000000017816e-05
5.379899999999327e-05
5.178799999999706e-05
5.343899999998847e-05
5.166000000000892e-05
5.344699999998426e-05
5.152799999999513e-05
5.3527999999997133e-05
5.1725000000002463e-05
5.382200000000892e-05
5.220200000000119e-05
6.671899999999287e-05
5.2061999999991615e-05
5.378799999999906e-05
5.1837999999998496e-05
5.190800000001716e-05
5.182500000000534e-05
5.3999999999998494e-05
5.017200000001498e-05
5.1987000000003336e-05
4.9746000000017165e-05
5.195099999999453e-05
4.984399999999334e-05
5.354500000001594e-05
6.433400000002698e-05
5.195699999999137e-05
5.676299999998746e-05
5.3802000000019445e-05
6.292199999999304e-05
5.381499999998485e-05
5.2018000000014775e-05
5.378000000000327e-05
5.161500000000485e-05
5.376999999998078e-05
5.1589999999990255e-05
5.710800000000016e-05
5.200499999999386e-05
5.3765000000011165e-05
5.171099999998208e-05
5.4527999999998134e-05
5.2616000000005325e-05
5.494000000000332e-05
5.295500000002118e-05
5.4698999999991393e-05
5.255799999998034e-05
5.447899999999617e-05
5.2387999999986556e-05
5.4339999999986066e-05
5.286500000001304e-05
5.468699999999771e-05
5.250600000000771e-05
9.596300000000446e-05
5.284999999999318e-05
5.4949999999998056e-05
5.2698000000017675e-05
5.445200000001038e-05
5.26380000000215e-05
5.4272999999993576e-05
5.224300000000737e-05
5.456400000000694e-05
5.236499999999866e-05
5.4381999999991715e-05
7.266499999999954e-05
5.473000000000283e-05
5.248499999999101e-05
5.453799999999287e-05
5.620199999997744e-05
5.439800000001105e-05
5.260900000000901e-05
5.460199999998694e-05
5.235800000000235e-05
5.500199999999844e-05
5.2634999999995324e-05
5.453100000002431e-05
5.244100000001417e-05
6.933800000000212e-05
5.294299999999974e-05
5.476300000001322e-05
5.274399999999346e-05
5.438100000002e-05
5.255100000001178e-05
5.473300000000125e-05
5.22530000000021e-05
5.428699999998621e-05
5.643999999999094e-05
5.487600000000925e-05
5.2482999999992064e-05
5.445800000000722e-05
5.246300000000259e-05
5.4476000000025504e-05
5.246899999999943e-05
5.451900000000287e-05
5.2515000000002976e-05
5.450500000001024e-05
5.237299999999445e-05
5.446500000000354e-05
5.2543000000015994e-05
5.438699999998908e-05
5.220499999999961e-05
5.43560000000054e-05
5.3173000000017456e-05
5.459999999998799e-05
5.2426999999993784e-05
5.4293000000010805e-05
5.2442000000013644e-05
5.4301000000006594e-05
5.234800000000761e-05
5.426000000000042e-05
5.246300000000259e-05
5.416499999999491e-05
5.2504000000008766e-05
5.424600000000779e-05
5.241999999999747e-05
5.414900000000333e-05
5.2328999999989856e-05
5.39580000000206e-05
5.2467000000000485e-05
5.8077999999989194e-05
5.2288000000011436e-05
5.4350999999980276e-05
5.227599999999e-05
5.425299999997635e-05
5.2370999999995504e-05
5.421999999999372e-05
5.2154999999998175e-05
5.862500000000659e-05
5.2715999999980445e-05
5.439900000001052e-05
5.2453000000007854e-05
5.404600000000204e-05
5.227599999999e-05
5.421199999999793e-05
5.2571000000001256e-05
5.44950000000155e-05
5.2568000000002835e-05
5.42129999999974e-05
5.229800000000617e-05
5.439899999998277e-05
5.247999999999364e-05
5.4541999999990765e-05
5.58969999999992e-05
5.4554000000012204e-05
5.2474999999996275e-05
5.4232999999986875e-05
5.21350000000087e-05
5.428699999998621e-05
5.231399999999775e-05
5.432699999999291e-05
5.224700000000526e-05
7.366000000000317e-05
5.64590000000087e-05
5.440199999998119e-05
5.26570000000115e-05
5.45180000000034e-05
5.2376999999992346e-05
5.520999999999998e-05
5.286099999998739e-05
5.462399999997536e-05
5.2659999999982166e-05
5.422799999998951e-05
5.240600000000484e-05
5.456900000000431e-05
5.2712000000010306e-05
5.425200000000463e-05
5.59180000000159e-05
5.430200000000607e-05
5.542499999999784e-05
5.406799999999046e-05
5.231899999999512e-05
5.4627000000001535e-05
6.351700000001292e-05
5.4493000000016556e-05
5.2474999999996275e-05
6.997000000000253e-05
5.297299999998395e-05
5.44400000000167e-05
5.234800000000761e-05
5.4517000000003923e-05
5.243899999998747e-05
5.4232999999986875e-05
5.2176999999986595e-05
5.397500000001165e-05
5.618299999998744e-05
5.4608000000011536e-05
5.2608000000009536e-05
5.426099999999989e-05
5.225799999999947e-05
5.455500000001168e-05
5.23749999999934e-05
5.4268000000023964e-05
5.22909999999821e-05
5.411700000002018e-05
5.2290000000010384e-05
5.3944000000000214e-05
5.184099999999692e-05
5.490299999999504e-05
5.270200000001557e-05
5.4731000000002306e-05
5.2933000000005004e-05
5.450300000001129e-05
5.2685999999996236e-05
5.4527999999998134e-05
5.271900000000662e-05
5.466000000001192e-05
5.24739999999968e-05
5.3999999999998494e-05
5.225500000000105e-05
5.40739999999873e-05
5.228900000001091e-05
5.409699999997519e-05
5.2383000000016944e-05
5.439099999998698e-05
5.210099999999884e-05
5.475999999998704e-05
5.2515000000002976e-05
5.463099999999943e-05
5.2752999999988726e-05
5.429599999998147e-05
5.2277999999988944e-05
5.4470000000000907e-05
5.2406999999976556e-05
5.448199999999459e-05
5.2962000000017495e-05
5.428799999998568e-05
5.267000000000466e-05
5.412800000001439e-05
5.261000000000848e-05
5.432999999999133e-05
5.24550000000068e-05
5.419300000000793e-05
5.2200000000002245e-05
5.7774999999982146e-05
5.241400000000063e-05
5.458299999999694e-05
5.2322000000021296e-05
5.444999999998368e-05
5.235100000000603e-05
5.387499999998102e-05
5.261299999997915e-05
5.451300000000603e-05
5.251000000000561e-05
5.4203000000002666e-05
5.231399999999775e-05
5.422700000001779e-05
5.230300000000354e-05
5.4474999999998275e-05
5.291999999998409e-05
5.4861000000017146e-05
5.27349999999982e-05
5.451900000000287e-05
5.234000000001182e-05
5.449099999998985e-05
5.2563000000005466e-05
5.395399999999495e-05
5.262300000000164e-05
5.476400000001269e-05
5.2693999999992025e-05
5.457500000000115e-05
5.263700000002203e-05
5.428199999998884e-05
5.237400000002168e-05
5.4282000000016595e-05
5.5768000000011586e-05
5.440400000000789e-05
5.628100000001912e-05
5.425400000000358e-05
5.2330000000017085e-05
5.486599999998676e-05
5.261500000000585e-05
5.44150000000021e-05
5.228700000001196e-05
7.802700000000828e-05
5.6363000000003716e-05
5.4530999999996554e-05
5.26359999999948e-05
5.45770000000001e-05
5.2512000000004555e-05
5.466500000000929e-05
5.229599999997947e-05
5.4208000000000034e-05
5.630200000000807e-05
5.475999999998704e-05
5.235800000000235e-05
5.412600000001544e-05
5.230600000000196e-05
5.3954999999994424e-05
5.2184000000010666e-05
5.4429999999994205e-05
5.2392999999983925e-05
5.400900000002151e-05
5.210799999999516e-05
5.420500000000161e-05
5.220999999999698e-05
5.430099999997884e-05
5.232399999999249e-05
5.414600000000491e-05
5.271000000001136e-05
5.466600000000876e-05
5.217199999998923e-05
5.4259000000000945e-05
5.250700000000719e-05
5.456599999997813e-05
5.216399999999344e-05
5.4954999999995424e-05
5.2197000000003824e-05
5.4600999999987465e-05
5.2546000000014415e-05
5.44800000000234e-05
5.266599999997901e-05
5.443199999999315e-05
5.243699999998852e-05
5.801299999999565e-05
5.2434000000017855e-05
5.77329999999765e-05
5.261200000000743e-05
5.403900000000572e-05
5.222399999998961e-05
5.4312000000000804e-05
5.215899999999607e-05
5.434200000001277e-05
7.569499999998675e-05
5.869999999999487e-05
5.264799999998848e-05
5.439100000001473e-05
5.252799999999613e-05
5.483700000000202e-05
5.253499999999245e-05
5.409400000000453e-05
5.232900000001761e-05
5.442799999999526e-05
5.27349999999982e-05
5.4456999999979994e-05
5.255000000001231e-05
5.4597999999989044e-05
5.254000000001757e-05
5.45180000000034e-05
5.269400000001978e-05
5.4357000000004874e-05
5.262600000000006e-05
5.4637999999995746e-05
5.248500000001877e-05
5.440700000000631e-05
5.256400000000494e-05
5.4192999999980174e-05
5.227999999998789e-05
5.504600000000304e-05
5.264699999998901e-05
5.442099999999894e-05
5.2392000000012207e-05
5.4621000000004694e-05
5.2488999999988906e-05
5.4312000000000804e-05
5.214199999997726e-05
5.395399999999495e-05
5.6325999999995435e-05
5.481099999998795e-05
5.2616000000005325e-05
5.460999999998273e-05
5.241999999999747e-05
5.4361999999974486e-05
5.5757000000017376e-05
5.4712999999984024e-05
5.2573999999999677e-05
5.475599999998915e-05
5.248399999999154e-05
5.4389000000015786e-05
5.2557000000008625e-05
5.457200000000273e-05
5.2499999999983116e-05
8.00380000000045e-05
5.291499999998672e-05
5.4880000000007145e-05
5.2605000000011115e-05
5.452999999999708e-05
5.2634999999995324e-05
5.4474999999998275e-05
5.248399999999154e-05
5.442299999999789e-05
5.239300000001168e-05
5.5069999999990404e-05
5.248600000001824e-05
5.471900000000862e-05
5.23749999999934e-05
5.431999999999659e-05
5.2768000000008586e-05
5.440900000000526e-05
5.238899999998603e-05
5.479599999999585e-05
5.316699999999286e-05
5.209999999999937e-05
5.4274000000020806e-05
5.083000000000171e-05
5.4664999999981534e-05
5.247699999999522e-05
5.502099999998844e-05
5.271800000000715e-05
5.460300000001417e-05
5.2867999999983706e-05
6.0795000000002375e-05
5.293500000000395e-05
5.46509999999889e-05
5.247700000002298e-05
5.4637999999995746e-05
5.2322999999993014e-05
5.4558999999981816e-05
5.237599999999287e-05
5.48190000000115e-05
5.2480999999993116e-05
5.4434999999991573e-05
5.268199999999834e-05
5.468200000000034e-05
5.2757000000014376e-05
5.44400000000167e-05
5.2453000000007854e-05
5.440199999998119e-05
5.286000000001567e-05
5.482300000000939e-05
5.267400000000255e-05
5.4995000000002126e-05
5.6045000000004563e-05
5.4467000000002486e-05
5.24739999999968e-05
5.485499999999255e-05
5.240700000000431e-05
5.446800000000196e-05
5.268099999999887e-05
5.431000000000186e-05
5.619900000000677e-05
5.438500000001789e-05
5.258800000002006e-05
5.4645000000019817e-05
5.2421999999996416e-05
5.4515000000004976e-05
5.2568000000002835e-05
5.445700000000775e-05
5.224300000000737e-05
5.4467000000002486e-05
5.2469999999998906e-05
5.3024000000012617e-05
5.253499999999245e-05
5.448600000002024e-05
5.244999999998168e-05
5.426099999999989e-05
5.290799999999041e-05
5.4589999999993255e-05
5.258700000002059e-05
5.436699999999961e-05
5.246200000000312e-05
5.4184000000012666e-05
5.2648999999987955e-05
5.414800000000386e-05
5.23560000000034e-05
5.7555999999986396e-05
5.2437000000016276e-05
5.441200000000368e-05
5.236800000002484e-05
5.429400000001028e-05
6.423300000000381e-05
5.656000000000411e-05
5.686700000000211e-05
5.647999999999764e-05
5.6137999999997246e-05
5.629299999999893e-05
5.611700000000136e-05
5.612199999999873e-05
5.619300000000299e-05
5.6045000000004563e-05
5.592499999999834e-05
5.59370000000059e-05
5.609699999999801e-05
5.59870000000004e-05
5.704299999999968e-05
6.128799999999962e-05
5.613399999999935e-05
5.616800000000227e-05
5.6106999999999685e-05
5.5995000000003126e-05
5.588900000000341e-05
5.608800000000275e-05
5.623999999999907e-05
5.961699999999792e-05
5.599700000000207e-05
5.6055999999998773e-05
5.5551000000000905e-05
5.59370000000059e-05
5.568200000000134e-05
5.5779000000005796e-05
5.5977999999998196e-05
5.964399999999759e-05
5.571799999999627e-05
5.576300000000034e-05
5.599300000000418e-05
5.5683000000000815e-05
5.581999999999809e-05
7.138599999999967e-05
5.611999999999978e-05
5.602099999999638e-05
5.6019999999996906e-05
5.6116000000001887e-05
5.606999999999834e-05
5.592000000000097e-05
5.60549999999993e-05
5.5812000000002304e-05
5.606899999999887e-05
5.600499999999786e-05
5.5940999999996854e-05
5.6116000000001887e-05
5.631300000000228e-05
5.581400000000125e-05
5.594600000000116e-05
5.5790000000000006e-05
5.592100000000044e-05
5.941100000000227e-05
5.567800000000345e-05
5.5699999999998806e-05
5.5822999999996514e-05
5.5651999999996316e-05
5.5666000000002824e-05
8.282800000000007e-05
5.6405000000002425e-05
5.626100000000189e-05
5.638100000000118e-05
5.6095999999998536e-05
5.6250000000000744e-05
5.6040000000000256e-05
5.580499999999905e-05
5.58969999999992e-05
5.5913000000004653e-05
5.605699999999825e-05
5.5957999999994845e-05
5.571900000000268e-05
5.590899999999982e-05
5.581899999999862e-05
5.5613000000002966e-05
5.6085000000004326e-05
5.5943999999995275e-05
5.596199999999968e-05
5.598500000000145e-05
5.977600000000444e-05
5.590700000000087e-05
5.5957999999994845e-05
5.584499999999881e-05
5.6189000000012035e-05
5.630800000000491e-05
5.598199999999609e-05
5.582799999999388e-05
5.594899999999958e-05
5.5815000000000725e-05
5.6224999999993086e-05
5.60919999999937e-05
5.575800000000297e-05
5.6089999999994755e-05
5.572100000000857e-05
5.559800000000392e-05
5.571999999999522e-05
5.580399999999264e-05
5.575199999999225e-05
5.584699999999776e-05
5.5527999999999134e-05
5.568699999999871e-05
5.578600000000211e-05
5.571800000001015e-05
5.9270000000000156e-05
5.6194999999995e-05
5.589799999999867e-05
5.563699999999727e-05
5.6183000000001315e-05
5.586100000000427e-05
5.5765000000013165e-05
5.5881999999993215e-05
5.628500000000314e-05
5.5863000000003216e-05
5.5614999999994974e-05
5.582499999999546e-05
5.5741999999997516e-05
5.560200000000182e-05
5.570400000000364e-05
5.5723000000007517e-05
5.5797999999995795e-05
5.5551000000000905e-05
5.5624000000004115e-05
5.5977999999998196e-05
5.5729999999989954e-05
5.578199999999034e-05
5.5600999999988465e-05
5.565700000000062e-05
5.589999999999762e-05
5.587799999999532e-05
5.574799999999436e-05
5.55770000000011e-05
5.686100000000527e-05
5.85739999999918e-05
5.5870999999999005e-05
5.58749999999969e-05
5.576499999999929e-05
5.5967000000003986e-05
5.5784000000003164e-05
5.567800000000345e-05
5.570500000000311e-05
5.91360000000013e-05
5.5919000000001495e-05
5.590099999999709e-05
5.557800000000057e-05
5.5589999999994255e-05
5.57169999999968e-05
5.560899999999813e-05
5.608399999999791e-05
5.960800000000266e-05
5.580900000000388e-05
5.5630000000000956e-05
5.586700000000111e-05
5.542799999999626e-05
5.568800000001206e-05
9.335699999998837e-05
5.576300000000034e-05
6.115699999999225e-05
5.553800000000775e-05
5.59960000000026e-05
5.6275999999994e-05
5.579299999999843e-05
5.5845999999998286e-05
5.5617999999993395e-05
5.581100000000283e-05
5.9340000000004944e-05
5.5791999999998954e-05
5.5352000000008506e-05
5.5388000000003434e-05
5.575500000000455e-05
5.5634999999998325e-05
5.5478000000011574e-05
5.55140000000065e-05
5.920200000000819e-05
5.6240000000012946e-05
5.616199999999849e-05
5.5860000000004795e-05
5.5766999999998235e-05
5.580699999999106e-05
7.500100000000509e-05
5.594199999998939e-05
5.647699999999922e-05
5.581300000000178e-05
5.5708000000001534e-05
5.560500000000024e-05
5.5773000000008954e-05
5.5637999999996746e-05
5.576300000000034e-05
5.5561999999995115e-05
5.964199999999864e-05
5.580800000000441e-05
5.5631999999999904e-05
5.5676999999990096e-05
5.55730000000032e-05
5.571799999999627e-05
5.6241999999998016e-05
5.5839999999987566e-05
5.961599999999845e-05
5.571999999999522e-05
5.572600000000594e-05
5.554500000000406e-05
5.574099999999804e-05
5.58749999999969e-05
5.6322999999997014e-05
5.544300000000224e-05
5.5904999999994986e-05
5.5920999999986565e-05
5.5812000000002304e-05
5.6172000000007105e-05
5.565300000000273e-05
5.612300000000514e-05
5.567700000000397e-05
5.577399999999455e-05
5.573999999999857e-05
5.584499999999881e-05
5.568100000000187e-05
5.5614999999994974e-05
5.5289999999999506e-05
5.548099999999612e-05
5.5447000000000135e-05
5.573300000000225e-05
5.892799999999976e-05
5.565600000000115e-05
5.572700000000541e-05
5.579299999999843e-05
5.55329999999965e-05
5.556799999999196e-05
5.635999999999142e-05
5.597699999999872e-05
5.607899999998667e-05
5.5656999999986745e-05
5.5929999999995705e-05
5.484799999999623e-05
5.6038999999993844e-05
5.564199999999464e-05
5.561699999999392e-05
5.991399999999425e-05
5.617400000000605e-05
5.591400000000413e-05
5.587599999999637e-05
5.576100000000139e-05
5.5842999999999865e-05
5.6175000000005526e-05
5.56390000000101e-05
5.9610000000001606e-05
5.5416000000002574e-05
5.584700000001164e-05
5.6010999999994704e-05
5.604400000000509e-05
5.5995000000003126e-05
7.825799999999772e-05
5.615000000000481e-05
6.008000000000402e-05
5.620900000000151e-05
5.639999999999812e-05
5.5853999999994075e-05
5.428500000000114e-05
5.420999999999898e-05
5.412000000000472e-05
5.417300000000458e-05
5.808600000001274e-05
5.397599999999725e-05
5.4279000000004296e-05
5.4071000000002756e-05
5.4274999999992524e-05
5.413899999999472e-05
5.424099999999654e-05
5.406600000000539e-05
5.4251000000005156e-05
5.433700000000152e-05
5.432399999999449e-05
5.4093000000005054e-05
5.434699999999626e-05
5.4256000000002524e-05
7.506200000000074e-05
5.408099999999749e-05
5.453500000000833e-05
5.453900000000622e-05
5.4357000000004874e-05
5.4317999999997646e-05
5.439200000000033e-05
5.4224999999991086e-05
5.5698999999992393e-05
5.4246999999993384e-05
5.4141000000007544e-05
5.460000000000187e-05
5.428500000000114e-05
5.420899999999951e-05
5.440400000000789e-05
5.426499999999779e-05
5.406699999999098e-05
5.408700000000821e-05
5.405299999999835e-05
5.42750000000064e-05
5.40769999999996e-05
5.4335000000002576e-05
5.458600000000924e-05
5.394200000000127e-05
5.432799999999238e-05
5.478800000000006e-05
5.4261999999999366e-05
5.4263999999998314e-05
5.416199999999649e-05
5.4119000000005246e-05
5.4203000000002666e-05
5.3987000000005336e-05
5.4096000000003475e-05
5.4027999999997633e-05
5.4038999999991844e-05
5.46949999999935e-05
5.4388000000002434e-05
5.398500000000639e-05
5.41170000000063e-05
5.4109999999996106e-05
5.4023000000000265e-05
5.410799999999716e-05
5.4032000000009406e-05
5.4223000000006016e-05
5.3989000000004284e-05
5.769299999999755e-05
5.414399999999209e-05
5.398199999999409e-05
5.413800000000912e-05
5.484199999999939e-05
5.420200000000319e-05
5.423200000000128e-05
5.452899999999761e-05
5.391300000000265e-05
5.381899999999662e-05
5.400999999999323e-05
5.378500000000064e-05
5.3817999999997146e-05
5.37570000000015e-05
5.822799999999351e-05
5.404600000000204e-05
5.373300000000025e-05
5.407799999999907e-05
5.403500000000783e-05
5.39550000000083e-05
5.4050999999999405e-05
5.382500000000734e-05
5.7753000000007604e-05
5.386500000000016e-05
5.416399999999544e-05
5.422099999999319e-05
5.3918999999999495e-05
5.425400000000358e-05
6.97329999999885e-05
5.420999999999898e-05
5.814699999999451e-05
5.402699999999816e-05
5.400099999999797e-05
5.423799999999812e-05
5.398500000000639e-05
5.4065000000005914e-05
5.412500000000209e-05
5.391999999999897e-05
5.38749999999949e-05
5.4114999999993474e-05
5.382300000000839e-05
5.3936000000004425e-05
5.391999999999897e-05
5.384499999999681e-05
5.381899999999662e-05
5.3801000000006094e-05
5.377800000000432e-05
5.421500000001023e-05
5.3838000000000497e-05
5.4317999999997646e-05
5.3918999999999495e-05
5.3957999999992845e-05
5.3471999999998854e-05
5.426700000001061e-05
5.395299999999548e-05
5.4127000000001035e-05
5.398799999999093e-05
5.217000000000416e-05
5.218300000001119e-05
5.188400000000204e-05
5.220699999999856e-05
5.226300000001072e-05
5.213699999999377e-05
5.6338000000003e-05
5.22530000000021e-05
5.221799999999277e-05
5.223699999999665e-05
5.204299999998774e-05
5.407799999999907e-05
5.402999999999658e-05
5.397099999999988e-05
5.597999999999714e-05
5.396800000000146e-05
5.3885000000003513e-05
5.448399999999354e-05
5.390100000000897e-05
5.382500000000734e-05
5.422900000000286e-05
5.4428000000009136e-05
5.63160000000007e-05
5.4627000000001535e-05
5.4142999999992614e-05
5.403999999999132e-05
5.4196999999991946e-05
5.4068000000004335e-05
5.434999999999468e-05
5.411699999999242e-05
5.434799999999573e-05
5.432499999999396e-05
5.430900000000238e-05
5.4308999999988505e-05
5.430800000000291e-05
5.484799999999623e-05
5.417000000000616e-05
5.419599999999247e-05
5.406900000000381e-05
5.550199999999894e-05
5.4210999999998455e-05
5.411099999999558e-05
5.4157999999998596e-05
5.4129999999999456e-05
5.731300000000328e-05
5.4068000000004335e-05
5.4404999999993486e-05
5.3829000000005234e-05
5.4096000000003475e-05
5.3753000000003603e-05
5.38340000000026e-05
5.404500000000256e-05
5.783600000000555e-05
5.408299999999644e-05
5.4002999999996915e-05
5.358700000000771e-05
5.39559999999939e-05
5.404700000000151e-05
5.3790000000011884e-05
5.485000000000906e-05
5.8204999999991736e-05
5.3905000000006864e-05
5.410499999999874e-05
5.425500000000305e-05
5.381999999999609e-05
5.435800000000435e-05
5.4041999999990264e-05
5.39739999999983e-05
5.780000000001062e-05
5.411100000000946e-05
5.762199999999329e-05
5.399300000000218e-05
5.4502999999997415e-05
5.395800000000672e-05
5.397299999999883e-05
5.39559999999939e-05
5.399700000000007e-05
5.409800000000242e-05
5.428799999999956e-05
5.4009000000007634e-05
5.3997999999999546e-05
5.418300000001319e-05
5.406800000001821e-05
7.408000000000414e-05
5.40549999999973e-05
5.427000000002291e-05
5.322099999999219e-05
5.4240000000010946e-05
5.550200000001282e-05
5.4357000000004874e-05
5.327399999999205e-05
5.36760000000025e-05
5.7232999999989875e-05
5.4109999999996106e-05
5.396299999999021e-05
5.450700000000919e-05
5.40549999999973e-05
5.472700000000441e-05
5.41200000000186e-05
5.427699999999147e-05
5.7069000000020687e-05
5.4130000000013334e-05
5.4344000000011716e-05
5.415800000002635e-05
5.414600000000491e-05
5.4221999999992665e-05
5.382699999997853e-05
5.4594000000018905e-05
5.769999999999387e-05
5.442500000002459e-05
5.4437000000018276e-05
5.415699999999912e-05
5.411000000002386e-05
5.400099999999797e-05
5.392600000000969e-05
5.384499999999681e-05
5.782200000001292e-05
5.428900000001291e-05
5.765500000001755e-05
5.388400000000404e-05
5.384999999999418e-05
5.394899999999758e-05
5.4210999999998455e-05
5.387300000000983e-05
5.417600000001688e-05
5.412799999998663e-05
5.398500000000639e-05
5.3800999999992216e-05
5.417599999998912e-05
5.414800000000386e-05
5.4117999999991895e-05
7.419100000000123e-05
5.41729999999907e-05
5.412700000001491e-05
5.402300000001414e-05
5.386700000001299e-05
5.404199999997639e-05
5.421000000002674e-05
5.3997999999999546e-05
5.378899999999853e-05
5.399700000000007e-05
5.433899999998659e-05
5.3984000000006915e-05
5.424999999997793e-05
5.40549999999973e-05
5.3989000000004284e-05
5.414500000000544e-05
5.405999999999467e-05
5.3784000000001164e-05
5.414800000000386e-05
5.410899999999663e-05
5.4040000000005195e-05
5.4243999999981085e-05
5.39370000000039e-05
5.413399999998347e-05
5.407199999998835e-05
5.466700000000824e-05
5.4293000000010805e-05
5.406899999998993e-05
5.43749999999954e-05
5.40549999999973e-05
5.38969999999972e-05
5.394300000000074e-05
5.420500000000161e-05
5.401600000001783e-05
5.439899999998277e-05
5.4040000000005195e-05
5.431300000000028e-05
5.394200000000127e-05
5.400199999999744e-05
5.4080999999983614e-05
5.416199999999649e-05
5.39770000000106e-05
5.7760999999989515e-05
5.400399999999639e-05
5.396499999998916e-05
5.399000000000376e-05
5.406799999999046e-05
5.3693999999993025e-05
5.427999999998989e-05
5.466199999998311e-05
5.7936000000008425e-05
5.447699999999722e-05
5.409200000000558e-05
5.39770000000106e-05
5.425299999997635e-05
5.4077999999985193e-05
5.38969999999972e-05
5.373200000000078e-05
5.761100000001296e-05
5.3789999999998006e-05
5.7456000000011276e-05
5.42129999999974e-05
5.410299999999979e-05
5.3898999999996144e-05
5.407899999998467e-05
5.417499999998965e-05
5.415300000000123e-05
5.422200000002042e-05
5.403400000000835e-05
5.399400000000165e-05
5.443500000001933e-05
5.4237000000012525e-05
5.4019999999987967e-05
8.531900000000037e-05
5.4352999999979223e-05
5.426599999999726e-05
5.391899999998562e-05
5.3838000000000497e-05
5.3997999999999546e-05
5.38150000000126e-05
5.403799999997849e-05
5.3922000000011794e-05
5.431000000000186e-05
5.411099999999558e-05
5.751300000000903e-05
5.4170999999991754e-05
5.422000000002147e-05
5.3605000000012115e-05
5.3949999999997056e-05
5.379899999999327e-05
5.3937999999975617e-05
5.391500000001548e-05
5.404700000000151e-05
5.4131999999984526e-05
5.393400000000548e-05
5.394200000000127e-05
5.3880000000006145e-05
7.43790000000133e-05
5.424400000000884e-05
5.4131999999984526e-05
5.4366000000000136e-05
5.416199999999649e-05
5.4392999999985925e-05
5.417100000001951e-05
5.3967000000015863e-05
5.442499999999684e-05
5.398399999997916e-05
5.791499999999172e-05
5.4243999999981085e-05
5.420400000000214e-05
5.396499999998916e-05
5.3856999999990496e-05
5.4095000000004e-05
5.409200000000558e-05
5.400399999999639e-05
5.783600000000555e-05
5.3794999999995374e-05
5.396299999999021e-05
5.415300000000123e-05
5.388900000000141e-05
5.394100000000179e-05
5.386299999998734e-05
5.4157999999998596e-05
5.7520000000005345e-05
5.3965999999988634e-05
5.4240000000010946e-05
5.410000000000137e-05
5.38780000000072e-05
5.4139999999980315e-05
5.391300000001653e-05
5.390399999999351e-05
5.382500000000734e-05
5.439300000001368e-05
5.7528000000001134e-05
5.426599999999726e-05
5.4576000000000624e-05
5.404100000000467e-05
5.406400000002032e-05
5.4117999999991895e-05
5.3904999999992986e-05
5.394799999999811e-05
5.4075999999986246e-05
5.430800000000291e-05
5.399100000000323e-05
5.404900000000046e-05
5.426000000000042e-05
5.540600000000784e-05
5.4279000000018174e-05
5.4355000000005926e-05
5.4203000000002666e-05
5.479699999999532e-05
5.442899999999473e-05
5.426599999999726e-05
5.400199999999744e-05
5.439900000001052e-05
5.412299999998926e-05
5.4179999999987016e-05
5.734500000001419e-05
5.424100000001042e-05
5.404500000000256e-05
5.400699999999481e-05
5.3651999999987376e-05
5.395999999999179e-05
5.3842999999997865e-05
5.377800000000432e-05
5.3888000000001934e-05
5.431999999999659e-05
5.4058000000023476e-05
5.384499999999681e-05
5.386299999998734e-05
5.38740000000093e-05
5.4277999999990945e-05
5.419900000000477e-05
5.412199999998979e-05
5.4002999999996915e-05
5.373600000002643e-05
5.38529999999926e-05
5.399300000000218e-05
5.387000000001141e-05
5.390599999999246e-05
5.7971999999989476e-05
5.379999999999274e-05
5.3954999999994424e-05
5.4109999999996106e-05
5.4147000000004386e-05
5.3928000000008636e-05
5.424299999998161e-05
5.4010000000020986e-05
5.392199999998404e-05
5.432699999999291e-05
5.506400000002132e-05
5.588400000000604e-05
5.432199999999554e-05
5.4113999999994e-05
7.135999999999254e-05
5.435400000000645e-05
5.429299999998305e-05
5.433600000001593e-05
5.415800000002635e-05
5.4109999999996106e-05
5.4170000000020035e-05
5.396600000001639e-05
5.3992000000002704e-05
5.377000000000853e-05
5.7704999999991236e-05
5.4421999999998416e-05
5.4018000000016775e-05
5.3645999999990535e-05
5.396000000001955e-05
5.415699999999912e-05
5.386200000001562e-05
5.392100000001232e-05
5.810900000000063e-05
5.374700000002064e-05
5.362500000000159e-05
5.3925000000010215e-05
5.370099999998934e-05
5.4043000000003616e-05
5.392299999998351e-05
5.4165999999994385e-05
5.4106999999997685e-05
5.400399999999639e-05
5.40339999999806e-05
5.402299999998639e-05
5.388200000000509e-05
5.4866000000014514e-05
5.405900000002295e-05
5.3984000000006915e-05
5.3629999999998956e-05
5.482200000000992e-05
5.8883000000009567e-05
5.43309999999908e-05
5.4058999999995194e-05
5.408700000000821e-05
5.4064999999992036e-05
5.435699999997712e-05
5.410799999999716e-05
5.4272999999993576e-05
5.420500000000161e-05
5.443999999998894e-05
5.415699999999912e-05
5.430200000000607e-05
5.386300000001509e-05
5.661400000001038e-05
5.3558999999980816e-05
5.3819999999982215e-05
5.384199999999839e-05
5.334800000000861e-05
5.396800000001534e-05
5.3997999999999546e-05
5.375699999998762e-05
5.427300000002133e-05
5.3946999999998635e-05
5.449099999998985e-05
5.439300000001368e-05
5.4184999999984385e-05
5.410000000000137e-05
5.412499999998821e-05
5.417799999998807e-05
5.404500000000256e-05
5.408600000000874e-05
5.71350000000137e-05
5.392400000001074e-05
5.384300000002562e-05
5.373999999999657e-05
5.4099000000001896e-05
5.4043000000003616e-05
5.431300000000028e-05
5.448199999999459e-05
5.786500000001804e-05
5.411800000001965e-05
5.437300000002421e-05
5.407099999998888e-05
5.4181999999985964e-05
5.38150000000126e-05
5.406299999999309e-05
5.3912999999988775e-05
5.770599999999071e-05
5.390299999999404e-05
5.412999999998558e-05
5.400699999999481e-05
5.413800000000912e-05
5.421599999999582e-05
5.397200000001323e-05
5.442899999999473e-05
5.402000000001572e-05
5.426400000002607e-05
5.409400000000453e-05
5.40170000000173e-05
5.407699999998572e-05
5.408600000000874e-05
5.4080999999983614e-05
5.438599999998961e-05
5.404999999999993e-05
5.380199999999169e-05
5.397100000001376e-05
5.400699999999481e-05
5.4125999999987684e-05
5.4130000000013334e-05
5.396299999999021e-05
5.387099999998313e-05
5.3944000000000214e-05
5.4451999999982625e-05
5.7824999999983584e-05
5.4114999999993474e-05
5.4221999999992665e-05
5.4203000000002666e-05
5.3920000000012847e-05
5.415100000000228e-05
5.444600000001354e-05
5.730300000000854e-05
5.40739999999873e-05
5.409200000000558e-05
5.4040000000005195e-05
5.414500000000544e-05
5.4173000000018456e-05
7.929600000000647e-05
5.44929999999888e-05
5.827899999999442e-05
5.457000000000378e-05
5.4533999999994975e-05
5.407899999998467e-05
5.4113999999994e-05
5.4437999999989994e-05
5.468999999999613e-05
5.395999999999179e-05
5.756900000000731e-05
5.4200000000004245e-05
5.4015000000018354e-05
5.413200000001228e-05
5.402800000001151e-05
5.407000000001716e-05
5.396499999998916e-05
5.380900000001576e-05
5.644799999998673e-05
5.427000000002291e-05
5.4248000000006735e-05
5.421199999999793e-05
5.4328999999991856e-05
5.3794999999995374e-05
5.432399999999449e-05
5.436899999999856e-05
5.801799999999302e-05
5.768100000000387e-05
5.4152000000001754e-05
5.425800000000147e-05
5.4157999999998596e-05
5.3877000000007724e-05
5.402500000001309e-05
5.419799999997754e-05
5.426000000000042e-05
5.425400000000358e-05
5.398200000000797e-05
5.3709999999984603e-05
5.395000000002481e-05
5.4109999999996106e-05
5.404200000000414e-05
5.412699999998716e-05
5.398600000000586e-05
5.402299999998639e-05
5.392600000000969e-05
5.44339999999921e-05
5.421599999999582e-05
5.409200000000558e-05
5.382300000000839e-05
5.458099999999799e-05
5.435000000000856e-05
5.448199999999459e-05
5.462900000000048e-05
5.397100000001376e-05
5.384799999999523e-05
5.405799999999572e-05
5.4019999999987967e-05
5.429599999998147e-05
5.400499999999586e-05
5.409800000000242e-05
5.426099999999989e-05
5.407000000001716e-05
5.365500000001355e-05
5.409000000000663e-05
5.392600000000969e-05
5.3832000000003655e-05
5.417100000001951e-05
5.7176999999991596e-05
5.412199999998979e-05
5.39770000000106e-05
5.412199999998979e-05
5.400499999999586e-05
5.39749999999839e-05
0.00010104099999999616
5.45390000000201e-05
5.446800000000196e-05
5.41390000000086e-05
5.415000000000281e-05
5.406700000001874e-05
5.4223000000019894e-05
5.4208000000000034e-05
5.430800000000291e-05
5.4268000000023964e-05
5.811299999999853e-05
5.4237000000012525e-05
5.4091000000006106e-05
5.3967000000015863e-05
5.417599999998912e-05
5.416099999999702e-05
5.421799999999477e-05
5.392199999998404e-05
5.767800000000545e-05
5.374400000002222e-05
5.407800000001295e-05
5.4266999999996735e-05
5.408199999998309e-05
5.402699999998428e-05
6.924900000002121e-05
5.439699999998382e-05
5.42129999999974e-05
5.7635000000000325e-05
5.4186000000011614e-05
5.410899999999663e-05
5.425000000000568e-05
5.415000000000281e-05
5.4184999999984385e-05
5.429400000001028e-05
5.872400000000999e-05
5.468999999999613e-05
5.41729999999907e-05
5.319900000000377e-05
5.381799999998327e-05
5.398800000000481e-05
5.3970000000014284e-05
5.519300000000893e-05
5.775499999999267e-05
5.387999999997839e-05
5.4008999999993756e-05
5.402300000001414e-05
5.3877000000007724e-05
5.4095000000004e-05
8.640700000001056e-05
5.42129999999974e-05
5.7790000000002006e-05
5.432999999999133e-05
5.428000000001765e-05
5.40360000000073e-05
5.388900000000141e-05
5.425500000000305e-05
5.4344999999983434e-05
5.38719999999826e-05
5.396199999999074e-05
5.4050999999999405e-05
5.4053999999997826e-05
5.403300000000888e-05
5.416799999999333e-05
5.3875999999980495e-05
5.376300000001222e-05
5.4088000000007685e-05
5.394499999999969e-05
5.374799999999236e-05
5.407200000001611e-05
5.3993999999973896e-05
5.4021000000015196e-05
5.4170000000020035e-05
5.397100000001376e-05
5.4184999999984385e-05
5.3904999999992986e-05
5.4184999999984385e-05
5.426000000000042e-05
5.424700000000726e-05
5.410799999999716e-05
5.405699999999625e-05
5.394499999999969e-05
5.3970999999986e-05
5.368999999999513e-05
5.4416000000001574e-05
5.39580000000206e-05
5.380499999999011e-05
5.380499999999011e-05
5.391999999998509e-05
5.3805000000017866e-05
5.401599999999007e-05
5.408400000000979e-05
5.739100000001773e-05
5.3960999999991266e-05
5.3877000000007724e-05
5.351900000000187e-05
5.419799999997754e-05
5.393100000000706e-05
7.763799999999099e-05
5.4355000000005926e-05
5.7933000000010004e-05
5.436400000000119e-05
5.3855000000019304e-05
5.376300000001222e-05
