0.055544536000000005
0.05557819599999997
0.05545575899999999
0.05574116099999993
0.055469299999999944
0.05546506299999998
0.05505892499999998
0.05509955000000011
0.05474892199999992
0.05491904500000011
0.05513444300000003
0.05478514500000009
0.05435556499999983
0.05353274699999999
0.054080357000000134
0.05489131799999991
0.0541807099999998
0.054440374999999985
0.05459401099999983
0.05363249899999989
0.053443346999999974
0.05392576000000027
0.05513536100000005
0.05480477100000014
0.055760430999999944
0.05375312600000015
0.053330478999999986
0.053396129999999875
0.05535300199999993
0.05429442699999987
0.0544758230000002
0.054561942999999946
0.054188759999999725
0.05617621900000014
0.055520197999999965
0.05381974899999964
0.054274022999999616
0.05540558700000009
0.05411067200000019
0.05547570900000043
0.05514126699999977
0.05452941800000044
0.055558356000000586
0.05512269000000014
0.05463868000000005
0.05497447100000041
0.054503109999999744
0.054061803999999825
0.05451720499999979
0.05516369199999982
0.05402629799999925
0.05529249199999953
0.05486135499999989
0.05445832000000017
0.05450217000000013
0.05419019899999977
0.054311478999999885
0.054459696000000335
0.05483724300000059
0.055492314999999515
0.055306332999999874
0.05486920500000014
0.05481155499999968
0.053983224999999635
0.055735175999999775
0.05510009300000007
0.05523756199999941
0.05420536899999995
0.05512804399999993
0.05561046099999967
0.0560825920000001
0.05465041199999909
0.05362426599999992
0.05366761800000042
0.05399699999999896
0.05375076199999995
0.05510697799999953
0.05426362099999871
0.05448825500000076
0.054499666999999974
0.05561925599999995
0.05545040900000053
0.05496136999999912
0.054237785999999844
0.05506910100000084
0.05535418299999861
0.05479277800000126
0.055417136000000866
0.055484665999999905
0.05579448099999951
0.055682896000000426
0.05400530700000061
0.05573843300000014
0.05489377800000028
0.05533109799999991
0.05536664400000113
0.054551032999999194
0.05486356499999978
0.055424321000000276
0.05437286499999949
0.05409789900000028
0.05404813600000047
0.05476227900000019
0.05484844900000141
0.05430132699999923
0.05557078599999876
0.056086170999998686
0.05527921900000088
0.055927282000000744
0.053980311000000114
0.05480757199999964
0.05446816600000126
0.05441214600000066
0.05342779799999953
0.05340665800000011
0.05475043100000043
0.05471251400000021
0.05501039800000029
0.05498689700000092
0.05496316999999884
0.054193635999999046
0.05365717099999934
0.05338433800000075
0.053792824000000294
0.05434577900000015
0.054200458000000395
0.05525181299999993
0.05329972899999902
0.05465851500000163
0.05574385499999934
0.05598717600000036
0.055066595999999635
0.054066664000000486
0.054259699999999356
0.053958059999999364
0.055512862000000496
0.054561721000000674
0.05427385900000026
0.05567544800000057
0.05553097600000001
0.055449362000000946
0.055734163000000336
0.05579563700000101
0.055560263000000276
0.055682928999999604
0.055487767000002464
0.05541960200000062
0.05580408599999842
0.054350559999999604
0.05498968799999915
0.05420147999999969
0.05461026699999749
0.05371209200000138
0.054881392999998724
0.05412588800000151
0.05257718699999714
0.05532369400000192
0.05452499300000113
0.05432499500000176
0.05374084800000034
0.05483393500000133
0.05534672499999971
0.05418470000000042
0.055288673999999816
0.05484131600000097
0.054211573999999985
0.0540049670000009
0.05418951200000066
0.05433695800000038
0.05569545100000184
0.054833270999999684
0.05472454699999929
0.05581239600000032
0.0559563429999983
0.055179924000000824
0.05498129200000079
0.053683614000000546
0.054670554999997734
0.055257312000001946
0.05448917600000058
0.05448799099999846
0.0549916159999988
0.05558879499999847
0.05549178199999716
0.05563276200000189
0.054876780000000736
0.05519819999999953
0.05485800800000007
0.05583804600000164
0.05548469300000036
0.05565882799999855
0.05530853999999863
0.054301281000000756
0.0555442310000025
0.05537569999999903
0.05542477499999876
0.05575186999999815
0.0556154719999995
0.05545595799999958
0.055722220999999905
0.055555123000001316
0.05468018100000194
0.054503680999999915
0.055194581999998604
0.055475224999998574
0.054995173999998315
0.054953013000002215
0.055811830999999756
0.05501136899999892
0.05512211099999931
0.05423444900000263
0.0540668939999982
0.05413975800000159
0.053882917000002806
0.0547124960000005
0.05396770999999845
0.054159545000000975
0.05460066500000238
0.05593048700000125
0.05549165100000053
0.05696884400000002
0.055371062999999054
0.054413682000003405
0.05457410500000037
0.05443676000000153
0.05563409300000188
0.05435936599999991
0.05503612499999733
0.05364343900000179
0.055782523999997835
0.054662568000001244
0.05474875000000168
0.05531789799999842
0.05565594800000184
0.05559908100000044
0.05521182899999744
0.05544570300000018
0.05459472600000126
0.05481345899999823
0.054403003000000894
0.05536899099999815
0.055400123999998385
0.05527155400000083
0.055340131999997766
0.056157979000001745
0.05480225599999855
0.05493252400000159
0.05517497299999974
0.05581331999999861
0.055464318999998596
0.05419358299999999
0.053491799999999756
0.054241206000000375
0.053584390000001036
0.05430876499999826
0.05597407499999818
0.055751150999999055
0.05180570799999984
0.05338811000000021
0.05098871299999885
0.05374158700000109
0.05244762399999914
0.05429407300000122
0.05197422299999843
0.05544272600000255
0.05231533400000288
0.055194612999997616
0.05256696600000055
0.0549607810000019
0.05231019300000028
0.055389880999999974
0.053126476000002754
0.054521494999999476
0.0528159059999993
0.056424451000001596
0.05255807499999676
0.05493951100000061
0.0526558339999994
0.055073984999999936
0.05132133699999741
0.05464947000000109
0.05240033100000119
0.0553813329999997
0.05303705500000078
0.05461306700000179
0.05192155700000001
0.0550452159999999
0.052205452999999125
0.055653267000000284
0.05206142699999816
0.0538662690000038
0.05174383399999982
0.05538230400000543
0.052961634000006086
0.05559375800000055
0.052937633999995626
0.05560979700000246
0.05289826100000283
0.055491723999999465
0.05278580899999952
0.055493513000001826
0.0529004389999983
0.05576857700000204
0.05277796100000387
0.05376807300000053
0.05101662900000292
0.05434274699999975
0.05255634499999928
0.05463687099999959
0.053579470000002516
0.05436575499999918
0.05246016699999956
0.0552846599999981
0.052587240000001145
0.055874889999998345
0.05306542600000341
0.055721906999998794
0.0523415810000003
0.05543852100000635
0.052624808000004464
0.05548361600000362
0.05268961000000161
0.05465720000000118
0.051563446000002955
0.05554624299999489
0.05281878899999981
0.055607637000001375
0.05295461099999699
0.05553987399999727
0.05269032100000004
0.05465855199999936
0.05144096400000109
0.05387422799999797
0.05229643199999856
0.05489932200000425
0.05133740499999817
0.05645467499999768
0.051713769000002685
0.0547199599999999
0.053302764000001446
0.05444081000000267
0.05232316899999745
0.0539655250000024
0.05244910300000072
0.054728242999999566
0.05166762799999702
0.05638970200000415
0.05155740200000025
0.054439083999994864
0.051892387999998846
0.055364528000005464
0.052113651999995625
0.05477440800000011
0.052432924999997965
0.055154714000003935
0.05256047199999614
0.05539932500000333
0.05218998400000174
0.05488749399999904
0.05116671399999717
0.05473780700000219
0.05269859399999888
0.05477752799999536
0.05213583599999794
0.05473551199999349
0.05214870100000013
0.05582572800000207
0.053091836000000114
0.05582576100000125
0.05262773199999771
0.0541830559999994
0.05155875799999876
0.05393043500000516
0.05177450099999703
0.05442560000000185
0.05185220999999984
0.052343452999998874
0.05537490999999761
0.05207137900000447
0.05404432499999956
0.05186719099999948
0.05520641300000051
0.052526005999993686
0.05502021799999568
0.05344863900000263
0.054464680000002375
0.05199105399999837
0.055198709999999096
0.053329292999997335
0.0555897780000052
0.053294334000000276
0.05563906700000132
0.05293349100000455
0.05572769500000163
0.05334025700000211
0.055733083999996325
0.053252995000001135
0.05611295599999977
0.05311876800000448
0.05574137099999632
0.053460094999998375
0.05577292299999925
0.05319701399999843
0.056017162999999925
0.05289605699999811
0.05563613500000031
0.053302905999998984
0.05512847299999635
0.053113040000006606
0.055224785999996584
0.052493118000001004
0.0553645260000053
0.053526709999999866
0.05561522200000013
0.053344090000003064
0.0557231099999953
0.053048316999998235
0.05566610399999661
0.05326963499999948
0.05560429999999883
0.053318459999999845
0.055714545000000726
0.053082530000004624
0.05579583400000132
0.053567405999999096
0.05561975199999836
0.053204966999999215
0.0558309740000027
0.05297001999999651
0.055784237000004566
0.053388388999998426
0.055555430999994826
0.05348978899999679
0.05577963100000005
0.052914032000003886
0.055532786999997086
0.05337875499999711
0.05518962899999735
0.0531717169999979
0.05590803200000494
0.053138079000000005
0.05586319999999745
0.053454147000003616
0.05570428200000066
0.05331050400000237
0.055735484999999585
0.05313526000000479
0.055769259999998155
0.053281335000001206
0.05526625399999574
0.0535021190000009
0.05555280200000112
0.053040920999997354
0.05544160200000192
0.05288420599999455
0.05543208000000277
0.053999502000003474
0.05577481299999931
0.05291872100000461
0.055430565999998294
0.054323345000000245
0.055736753000005024
0.05346364100000045
0.055740438000000836
0.05314739500000343
0.05544624800000264
0.05342672199999754
0.05566613399999909
0.0531059309999975
0.055776647000001844
0.053231853999996304
0.05576307900000188
0.053243558000005464
0.05541667199999978
0.05318580500000536
0.055726705000004984
0.053292421999998396
0.055611644000002514
0.05319923100000068
0.05519319700000125
0.05331770900000521
0.055576745999999844
0.05331590200000136
0.0555706059999963
0.05336731900000302
0.0553858959999971
0.05324014800000043
0.05552334499999745
0.05296696999999995
0.055420118000000684
0.052687088999995524
0.05576701600000433
0.05268980199999618
0.055313812000001406
0.0527810100000039
0.0558838030000004
0.05316157500000429
0.05542574999999772
0.052778446999994344
0.055522271999997486
0.0530788479999984
0.05636425400000178
0.05351010700000103
0.055704044999998814
0.05347024099999942
0.056272227999997426
0.05333132199999824
0.055616792999998665
0.05290864199999845
0.055434091000002184
0.052538368000000446
0.05512208900000104
0.05312012499999952
0.05587381200000152
0.052890873000002614
0.055679624999996236
0.053033218999999576
0.05527563900000132
0.05287883700000151
0.05549369700000284
0.052471113999999375
0.054926858000001744
0.05366892600000028
0.05603448399999422
0.052464745999998286
0.05549338899999867
0.05331462000000187
0.05559392199999991
0.05408193299999908
0.05581485700000144
0.05303017500000351
0.05541129800000277
0.05285665199999556
0.054757317000003525
0.053168577000000994
0.05570227300000141
0.05279775500000028
0.055616067000002545
0.05295276199999677
0.05528604599999909
0.05255276999999836
0.05614258700000363
0.05298311100000319
0.055725123999998516
0.05303124400000314
0.05538261899999952
0.05337773699999815
0.05551225199999976
0.052667534000001126
0.05561465999999626
0.052798780000003376
0.05573795899999823
0.05339708199999649
0.05572841600000089
0.05260660900000147
0.05539615499999684
0.05322431600000499
0.055238793000000896
0.053136548999994204
0.05554574100000309
0.05285346400000179
0.05577845399999859
0.05323975200000319
0.0551605580000043
0.05309431099999529
0.05539810799999856
0.05282275100000078
0.0554043429999993
0.05311561400000642
0.055986742999998285
0.053318776000004675
0.05569850799999898
0.05305720700000194
0.05580467699999758
0.05327169299999923
0.05555575800000412
0.05333792700000117
0.05563995100000341
0.052940460999998606
0.05519322800000026
0.052652511999994545
0.054401658999999825
0.05234829099999416
0.05554082299999408
0.052750364999994304
0.05542240599999815
0.05299709400000552
0.056163729999994416
0.053066194000010114
0.055686867999995115
0.05297036999999705
0.05566824699999984
0.05327571499999806
0.05555660899999282
0.05324433900000258
0.05576906100000656
0.05331349899999793
0.055857040000006464
0.052711708999993334
0.05565979600000048
0.05321199300000501
0.05558510199999489
0.052595971999991775
0.05530362499999342
0.05280992400000173
0.05558521300000052
0.053663790000001654
0.055463510999999244
0.05321640500000058
0.055560924999994654
0.052995573000004015
0.05591800099999489
0.052842386999998325
0.055366081999991934
0.05278676200001087
0.05540220599999657
0.051930276000007325
0.05510753500000476
0.052842685000001666
0.055272006999999235
0.05320470200000216
0.05584003799999948
0.05258979200000624
0.05533052199999133
0.0532201910000083
0.05499933000000112
0.052581861999996704
0.05496038700000838
0.053017897999993124
0.05543999500000041
0.05310747600000809
0.05521607100000381
0.05280952699999375
0.055603176000005305
0.05314161999999101
0.05541955500000029
0.05305940099999873
0.05511164500001087
0.05256869299999778
0.05539953999999625
0.05292552599999567
0.05581942399999207
0.053462976000005824
0.055591702000000964
0.05224118199998884
0.05547879799999578
0.05286141599999894
0.05501174300000855
0.05253841100000045
0.055501413000001776
0.05337628700000607
0.05567427200000452
0.05310112899999808
0.05521790299999907
0.05308562099999392
0.05531045400000778
0.05272892600000034
0.05548045499999432
0.052726836999994475
0.05529300399999215
0.05225994600000661
0.054669252000010715
0.05381104899998945
0.05496569299999976
0.05148156200000642
0.055167523999998025
0.051603407000001766
0.053756131000000096
0.05211934799999085
0.05388829800000394
0.05213628500000311
0.05601290699999595
0.05200776099999871
0.05463306999999418
0.05237834199999725
0.05502666099999942
0.05144521899998722
0.05357623000000444
0.05199988800001165
0.054422286999994185
0.050957464999996205
0.05395298599999876
0.05158280700000262
0.054094410999994125
0.052341624000007414
0.05355734400001211
0.05243380399998898
0.0544587899999982
0.05232144599999344
0.05567312400000901
0.05283901299999627
0.0545204750000039
0.05230688600001088
0.05457902700000261
0.0517074440000016
0.05530932300000302
0.05275024899999892
0.05516508200000203
0.05122978800000055
0.05497916999999575
0.05257626799999571
0.05334236699999906
0.05345430799999917
0.05577801700000862
0.05332182300000454
0.05521772000000169
0.053533951000005686
0.05547170399999857
0.05228888999999981
0.0544936980000017
0.05209767000000909
0.0545355529999938
0.05204141899999115
0.055201917000005096
0.05294142000001045
0.054655235999987895
0.0522685359999997
0.05507371400000238
0.051964013999992176
0.05574286399999551
0.05275641400000097
0.05570831100000362
0.052289123999997855
0.05467511499999489
0.05123579099999631
0.05343431899999018
0.051008671999994704
0.05483427199999369
0.05311358199999461
0.05540161499999385
0.052689002000008145
0.05588312099999371
0.0533325329999883
0.0556817169999988
0.05313677000000894
0.05553245600000878
0.0528844950000007
0.05555636500000105
0.053153328000007605
0.05443393800000251
0.05197677799999667
0.0543285859999969
0.051696996999993416
0.055790946000001895
0.052342224000000215
0.05512125300001003
0.05191047200000298
0.055198127000011254
0.05217023400000187
0.05400064100000179
0.052841518000008136
0.054428787000006196
0.05281605400000444
0.05577795600000002
0.05251763700000822
0.05578841599999862
0.05310180699999023
0.055429321000005416
0.05270157700000766
0.05534434199999794
0.05338652199999672
0.056029207000008796
0.05325848200000394
0.05521506899999906
0.05208302799999842
0.053547007999995344
0.052644779999994284
0.055492231000002334
0.05215996399999767
0.05467046399999731
0.05271058499999981
0.054102911000001086
0.051805893999997465
0.05621267600000124
0.0527810100000039
0.054361448999998174
0.05129707500000791
0.05438800600001059
0.05188216599999862
0.05543572800000618
0.05200081600000317
0.054076523000006205
0.05192528000000607
0.054644397999993544
0.05270516099999156
0.05526069699999425
0.05187745400000665
0.0546439099999958
0.05227262999999027
0.054544802999998865
0.05307537100000559
0.05556751000000304
0.05335604500000102
0.05539405599999725
0.053123866999996494
0.05580453000000318
0.05290754199999981
0.055703831000002424
0.05321673400000293
0.05544490199999075
0.053150575999993066
0.055610502999996925
0.05277580799999271
0.05574737800000662
0.05345686299999386
0.055488723999999934
0.05433752400000458
0.055613600999990354
0.05277607899999737
0.05598326300000167
0.053712075000007076
0.055482490000002826
0.05298465200000635
0.0558428020000008
0.052735655999995856
0.055906393000000776
0.053301309000005404
0.05298938399999997
0.05560620100000335
0.05272257200000752
0.05555082799999411
0.05271766799999966
0.05538954700000431
0.05298020699999029
0.055491003000000205
0.05277653399998883
0.055882370000006176
0.053002351999992925
0.05544816799999808
0.0548123669999967
0.05556558300000347
0.05299828200000434
0.05601280000000486
0.05275441700000272
0.05582003400000701
0.05300814099999229
0.0555043119999965
0.05302613899999642
0.05824994799999672
0.052790583999993146
0.05539449699999466
0.05305839400000423
0.05606987699999877
0.052826586999998426
0.05585410200001206
0.05353408700000273
0.05539828300000238
0.05321987399999273
0.05580367599999647
0.052800390000001585
0.055762313999991875
0.052723623999995084
0.05674749900001075
0.053026454999994144
0.05552884200000108
0.052748543000006975
0.05559627600000283
0.05271329499998956
0.05540280099999961
0.053164883999997414
0.05548478800000112
0.05275253199999952
0.05562924400000213
0.05352113300000383
0.055510904000001915
0.053047270999996954
0.05579386799999497
0.05276031199998954
0.05555217599999196
0.052725344999998924
0.05537177099999724
0.05300831200000289
0.05551717800000233
0.05275532899999291
0.0555860660000036
0.05272682600001133
0.05547181000000023
0.05300167099998987
0.05549876299998857
0.05274492499999894
0.05559867499999882
0.053021974000003524
0.05593594399999802
0.05324941899999658
0.056180221000005304
0.05281847500000936
0.05558304299999861
0.052707587000000444
0.05571950600000264
0.053325493000002666
0.05552909600000078
0.05274742299999957
0.0558124719999995
0.052815827000003424
0.05582497499999306
0.052994975000004274
0.055485412000010115
0.05582625799999619
0.05659331200000395
0.05366176300000802
0.05565618400000005
0.0530251039999996
0.05594244899999978
0.05279335400000207
0.05803863799999931
0.05356949599999439
0.05548547400000814
0.05304740600000457
0.055612605999996845
0.052887600000005364
0.05561641600000655
0.0528768230000054
0.055520912999995176
0.05309154600000454
0.05566712600000301
0.0528502020000019
0.055615170999999464
0.05322045700000899
0.05582695200000387
0.053880456000001686
0.05603737599999192
0.05382729200000824
0.058017395000007355
0.054573261000001594
0.05708343399999194
0.05370613499999877
0.05614194999999711
0.05283519699999317
0.05572846599999082
0.05284632699999747
0.05554672899999957
0.05310444200000575
0.05567019000000073
0.05302859199998977
0.055806810999996515
0.05283458899999971
0.05552415100000019
0.05330498700000419
0.05600097299999618
0.052941176000004475
0.05568126600000767
0.05365458299999659
0.05593919300000039
0.05356093299999998
0.05572993399999859
0.052867427999998995
0.05581610299999795
0.05326303200000382
0.05557427400000847
0.05371633299999701
0.05598122700000374
0.05285129499999641
0.0556342250000057
0.05274789799999269
0.05553156599999909
0.05372814499999379
0.05583288400001152
0.05285750000000178
0.055634226000009335
0.05276276399999347
0.05585599900000204
0.053102182000003495
0.0555720500000092
0.0528167719999999
0.05631726599999354
0.05293051900000023
0.055768682000007175
0.05308485300000143
0.05554517599999542
0.05452538299999787
0.05670995699999537
0.05275725799999975
0.055464456999999356
0.053272022000001584
0.055566160999987346
0.05288847200000646
0.05568471000000841
0.05281961200000751
0.05554296999999053
0.05305973000000108
0.055651222000008715
0.052853127000005884
0.05565103700000407
0.05316834199999221
0.055755535000002965
0.05308932799999866
0.0559616310000024
0.05287117200001035
0.05559819799999843
0.05277715900000146
0.05586158299999511
0.05309572900000603
0.05800827999999569
0.05456350800000109
0.05564838800000871
0.0528359350000045
0.05568523599998798
0.05310563800000523
0.05563631500000099
0.05287303499999041
0.05785628500000001
0.05821095300000001
0.05785081000000003
0.05750804499999995
0.05698714199999999
0.05766375299999993
0.05721196500000003
0.05751044999999988
0.05732001199999992
0.05713950099999998
0.05755730000000003
0.057105557000000084
0.05760762100000005
0.05787177099999985
0.0578242630000001
0.05794437299999999
0.057806076999999956
0.05750459099999983
0.05748934899999991
0.05794010500000013
0.05770044899999993
0.057642679000000197
0.05735134400000019
0.057357831999999664
0.05759129900000026
0.05731805000000012
0.05771785499999993
0.05786630199999987
0.05771641599999988
0.057219048999999966
0.05730312599999987
0.05750319599999987
0.057437123999999784
0.057505991999999395
0.057779229999999515
0.057964831000000494
0.05809426100000081
0.05764523900000018
0.05769119999999983
0.05789244199999999
0.05820238
0.05754537500000012
0.05774995800000049
0.05737430599999982
0.05801763299999951
0.05797228999999948
0.057096338000000024
0.057570856999999975
0.05743634600000025
0.05776329499999999
0.05765893700000024
0.057957411999999486
0.05758053899999993
0.05799677800000058
0.057621612000000155
0.05768331300000007
0.05804839700000031
0.05790471699999955
0.05758877900000048
0.0574442640000008
0.057696413999999585
0.05814735700000018
0.057916879999999615
0.05763688499999997
0.057745994000000245
0.05754927699999968
0.05738472600000044
0.05797611499999977
0.05778663399999928
0.05770886200000014
0.05755203400000042
0.05780194299999941
0.05734726000000023
0.05802438799999976
0.05789615099999956
0.05770586200000061
0.057813476999999835
0.058197941999999614
0.05782330299999927
0.057827721000000665
0.05841079000000171
0.057895897999999946
0.057860079999999314
0.057654594000000614
0.057871373000001114
0.0575246939999996
0.05751387399999963
0.057859517999999
0.057337608000000984
0.05747422499999999
0.05727955400000084
0.05756535299999932
0.05725403099999937
0.05687959900000017
0.05756748399999978
0.057036595000001356
0.056701892999999615
0.05808472400000042
0.0569181229999991
0.057541817000000606
0.05759740399999913
0.057610557000000284
0.05761699500000006
0.05762667499999985
0.05761334900000037
0.057578071999998315
0.05761340699999984
0.057608487999999625
0.05668615000000088
0.05685384000000049
0.05658466900000114
0.056657326999999924
0.05724925599999864
0.058390899999999135
0.05603980500000105
0.05668762900000068
0.0583185540000013
0.05633895300000091
0.056323534000000564
0.05487555399999877
0.05571631799999999
0.05693612299999984
0.057773562999999584
0.05665612399999986
0.057054781999999804
0.05779833099999898
0.05715500099999993
0.05670226400000011
0.05639766400000035
0.05653120200000039
0.056211126999999195
0.05661181900000045
0.05626483600000043
0.056933744000000175
0.056802280000001204
0.05645450599999968
0.05572208099999898
0.056346473000001396
0.05641081799999981
0.057464548000002225
0.05636579600000147
0.056132276999999675
0.056376661999998134
0.05729387699999933
0.05735206199999965
0.05601987300000033
0.05625548899999799
0.056085761000002066
0.05735687600000006
0.055196890000001275
0.055884273000000206
0.055790792999999894
0.055799941000000075
0.05630928600000118
0.05670189099999945
0.054653025000000355
0.05693166100000013
0.05727186300000042
0.05620756000000071
0.05654798500000169
0.05843207200000222
0.05798359399999953
0.056961473999997736
0.05611404700000122
0.05730078499999891
0.056184683999997986
0.05800424099999901
0.058325603000000115
0.05671215699999976
0.05706220000000073
0.05654719700000044
0.0573418530000005
0.05674585099999874
0.05690995000000143
0.05760816000000091
0.05640224900000135
0.057535859000001466
0.05596149899999858
0.05605906599999955
0.05541774599999982
0.05647659799999971
0.05736967100000001
0.05737618199999872
0.05861195900000027
0.0572077809999989
0.05701222600000122
0.05622780400000238
0.056403932000002044
0.0569286670000011
0.056605025999999725
0.05686773800000111
0.05668646400000199
0.05755560300000084
0.056512172999998
0.05693506900000145
0.056950260000000696
0.05685138599999817
0.05629022899999825
0.056291642999998004
0.05667553499999656
0.05609935600000071
0.05797185000000127
0.0583956530000016
0.05780682700000028
0.057850164000001314
0.05739957600000167
0.05749176999999861
0.056214284000002834
0.056553971999999675
0.056760092000001094
0.05726849900000275
0.05701343600000186
0.057329540000001344
0.05783369200000266
0.057635060999999155
0.058103256999999076
0.05754747499999979
0.05767220699999953
0.05759510700000092
0.05814155599999893
0.05776111899999847
0.05819029799999953
0.057727729999999866
0.05775652500000206
0.0578419789999991
0.05782406099999804
0.05751925499999899
0.057512920000000634
0.05730475400000046
0.05710091299999931
0.05864151900000181
0.057968745000000155
0.05607807599999859
0.056489785000000126
0.05787408799999838
0.05689800400000067
0.05794810300000108
0.05807486700000197
0.0565940619999985
0.05630416600000032
0.05763426600000088
0.05769709100000142
0.05681493100000168
0.057345296999997686
0.057204938999998234
0.05783134499999676
0.0565479410000016
0.0573622510000007
0.05719197999999892
0.056840912000001964
0.05735519699999969
0.05729036199999982
0.057762098000001316
0.05734982199999905
0.058150739999998535
0.05776745700000063
0.05786218200000093
0.05516041599999966
0.05522083900000041
0.05527738700000029
0.05512124100000193
0.05503459799999888
0.05516915100000119
0.055008022000002654
0.05553028599999976
0.05514825199999862
0.05509566599999971
0.055074525999998514
0.055207083999999185
0.05551331999999931
0.05500657500000017
0.055186815999999084
0.0550959930000019
0.05502634999999856
0.05519610400000019
0.05502753000000027
0.05510147300000057
0.055175715000000736
0.05505616899999666
0.05498486400000502
0.055117305000003114
0.05513186700000006
0.05497714800000608
0.055286084000002234
0.054915246000000195
0.0549774240000005
0.0552622590000027
0.0545538990000054
0.054066794000000584
0.05428946800000034
0.05514848100000336
0.05357175199999631
0.054017577999999844
0.053685699999995506
0.05338385800000367
0.05509510299999931
0.054510841000002586
0.05399534499999703
0.05443224900000132
0.05358184399999999
0.05525876399999419
0.05448348699999883
0.05466044500000322
0.055015637999993316
0.05510842099999991
0.054636141999999666
0.055201388000000406
0.055262878000000626
0.05430446400000477
0.05436806699999863
0.054594740999995395
0.05514852099999956
0.05414355999999998
0.054737950999999896
0.054166486999996266
0.054420730000003914
0.05411088500000005
0.054738526000001286
0.05598985200000328
0.054446624000000554
0.05451488899999646
0.05468600900000098
0.05428761900000012
0.05414209100000278
0.054565709999998546
0.054690370999999516
0.05495118500000018
0.0556350330000015
0.05481931700000331
0.05455534600000078
0.05478870899999322
0.05454283299999929
0.054897547999999574
0.05453508600000134
0.054740385999998864
0.05510340299999683
0.05532226899999415
0.055534063000003187
0.054613226000000736
0.05365050200000354
0.05404717899999412
0.05536861599999554
0.05548525700000084
0.05519619300000045
0.05412617999999725
0.054922171000001185
0.05540150699999913
0.05475548599999769
0.05436738699999921
0.0545075149999974
0.05421705100000196
0.054274681000002545
0.05433063400000293
0.054626968999997416
0.054561985999995954
0.05649440899999547
0.05513305299999871
0.05434827300000222
0.0537371300000018
0.05377340500000116
0.05391621199999719
0.05451665100000014
0.054617021999995075
0.05382914399999805
0.05575733199999888
0.055044053000003146
0.05537355900000307
0.0552982750000055
0.05509606599999728
0.055032627000002776
0.05435438599999998
0.054329010000003564
0.05459541799999812
0.055202911000002075
0.05391398200000452
0.05337487699999599
0.05504525199999932
0.05430185899999884
0.05321130699999799
0.05526887700000316
0.05435542200000043
0.05445148300000113
0.05482007799999877
0.05503229400000009
0.055276104000000714
0.05531171700000215
0.055054179999999064
0.055137021999996705
0.055915177999999344
0.054990867000000776
0.05497261099999662
0.05544973800000008
0.05502828000000193
0.054464912000000254
0.05545105600000255
0.05502848799999782
0.055039526000001615
0.05456662599999618
0.0544274009999981
0.05439973499999695
0.054544928000005655
0.05548176900000357
0.0544541629999955
0.05460612299999923
0.05432787199999467
0.05450430900000214
0.05438411100000451
0.0536897300000021
0.054435116000000505
0.05581248299999686
0.05496037099999995
0.053947630999999774
0.05475309999999922
0.0549999200000002
0.0554134930000032
0.05499783999999863
0.054637991999996416
0.05398765300000008
0.05464438999999999
0.05380742900000257
0.05408567499999606
0.054552276000002564
0.05390483400000079
0.05417239999999879
0.05495087500000295
0.05393022900000233
0.05452393199999506
0.0546292299999962
0.05531829799999599
0.05624632199999979
0.05432756700000141
0.055177362999998536
0.056072426000000064
0.05529975900000039
0.05527625699999561
0.05428528999999571
0.05348621600000314
0.05495111100000116
0.05492008499999912
0.05426493000000221
0.05388862699999919
0.05430561200000028
0.05413383300000163
0.054374365999997565
0.05420767700000084
0.05461701999999491
0.0541652820000067
0.05575516199999697
0.05477768499999769
0.05385645699999486
0.0540686980000018
0.05441762600000288
0.054423731999996505
0.05455620400000072
0.053766447999997524
0.053411371999999346
0.0546372630000036
0.0540827780000015
0.05397539300000176
0.05446143200000364
0.05451913399999597
0.055206156000004114
0.05510669800000301
0.0548926860000023
0.05459437199999684
0.05519297899999742
0.055497225999999955
0.054876612000001046
0.054539495000000215
0.05549144100000092
0.053884979000002886
0.054007366999996975
0.05531613900000565
0.054397561000001815
0.05456057699999661
0.054907323000001895
0.054733401999996545
0.054849505999996495
0.05551874300000037
0.054854267999999706
0.05389139599999737
0.05472510599999936
0.053875186999995606
0.05453008300000306
0.055305224000001374
0.05476435900000354
0.055398226999997746
0.055202675000003865
0.05540256100000107
0.055337729000001445
0.0553459260000011
0.055090487000001076
0.054855256000003294
0.05584743800000069
0.05428248999999852
0.05443627300000031
0.05370341800000489
0.05386588399999681
0.05425451300000361
0.05487694299999646
0.05397991099999899
0.05419274199999791
0.05418656599999849
0.054762878000005344
0.05388166999999555
0.05388941900000077
0.05455940499999912
0.05435941999999727
0.05450708699999751
0.053784713999995404
0.054652027000003045
0.054621457999999734
0.055408184999997445
0.054644545999998684
0.05500113600000134
0.05447157000000402
0.05378175300000265
0.05443823200000253
0.0537612110000012
0.053895359999998504
0.05476470299999647
0.05408326999999957
0.05415871699999997
0.054336220000003266
0.05373577199999602
0.053543077999997024
0.053808620999994616
0.052932271000003084
0.05410256199999708
0.05399371200000047
0.05517023600000215
0.05472827100000188
0.05442129699999754
0.05366168200000487
0.054695148999996945
0.05482468699999998
0.05424202799999733
0.05468812499999842
0.054183342000001744
0.05544202700000511
0.05541165799999703
0.05506596699999733
0.05347590000000224
0.05427474300000057
0.05526223300000055
0.05382507000000203
0.05382372399999724
0.05413134900000216
0.05576947800000198
0.05509860800000155
0.05615525400000365
0.05366953000000052
0.05462615500000112
0.053997258999999076
0.05389596900000271
0.05501188499999898
0.0553196110000016
0.05475280099999935
0.054235553000005154
0.055534459000000425
0.05586563199999972
0.054909716000004494
0.05410087399999952
0.05410339099999817
0.054409630000002096
0.05514573800000022
0.05539636600000364
0.0548031770000037
0.05518804999999816
0.05508151600000133
0.054344588999995835
0.05536318900000481
0.054978568000009886
0.05400760900000989
0.05473541000000637
0.05454426899999021
0.0561598949999933
0.055455366999993316
0.05448681400000055
0.05587898099999222
0.05523898999999233
0.05360698799999852
0.05470974800000761
0.054123951999997644
0.053525301999997055
0.05505746100000408
0.054607318000009286
0.053431993000003786
0.05428433299999824
0.05390165100000388
0.05469076199999279
0.054479172999990055
0.05444111899998916
0.05444135999999844
0.05463069099999984
0.0557786440000001
0.05460660100000325
0.05500367900000924
0.05406260900001314
0.055312220000004686
0.05533581799998899
0.05446497999999167
0.054732037999997374
0.05439047899999139
0.054994004999997514
0.05512564500000394
0.0548879029999938
0.05507304099999999
0.055019052000005786
0.05519531999999572
0.05514244500000132
0.05510958499999674
0.05494295399999771
0.05571081899999797
0.054893711000005396
0.05482737899998824
0.05517293299999437
0.05520587100001251
0.05523435099999574
0.05588284600000293
0.05506814799998949
0.05498627000000056
0.0561275329999944
0.05536546199999748
0.053058280999991325
0.05392980000000591
0.05298222199999714
0.053124650000000884
0.05293225900000209
0.054687583000003315
0.05414291099999957
0.05454784100000154
0.0535353439999966
0.05473380600000155
0.053926242000002844
0.05516824299999712
0.054970427000000655
0.053754018000006454
0.054900760999998965
0.05502850999999964
0.055221787000007794
0.0552725659999993
0.05511566100000209
0.054899633999994535
0.0540649490000078
0.05438778100000263
0.05351320100000123
0.053703920999993215
0.054777095000005716
0.05530029400000558
0.054487622999999985
0.0550910660000028
0.05491091199999687
0.05373211699999558
0.054364253000002805
0.05401967899999249
0.05380306200000007
0.05421671400000605
0.05386459400000376
0.05538491500000475
0.05390510300000528
0.05290874599999995
0.053364107000007266
0.05457070799999997
0.055204292999988525
0.054641412999998806
0.05375303900000006
0.053846989000007284
0.055364101000009214
0.05332193700000687
0.053982805000003964
0.05412124500000459
0.054178715999995575
0.052789529000008883
0.05369710700000496
0.05427292999999622
0.0550956350000007
0.05494548400000099
0.053608369000002654
0.05501835399999777
0.05439763299999356
0.05528569399999128
0.05312745099999461
0.054361197000005745
0.0541608540000027
0.05455148599999404
0.054266636999997786
0.05428732900000455
0.05497884199999703
0.055126162999997064
0.05533164599999907
0.05562178699999265
0.05532742100000121
0.05523692600000629
0.055308691999996995
0.05523432799999739
0.054493422000007286
0.05448879499999748
0.05419159699999909
0.05410516199999904
0.05477486299999157
0.053691766999989454
0.053848944999998594
0.05386370499999771
0.055007998000007774
0.05586943800000199
0.05497393100000636
0.05532403700000543
0.053974932000002696
0.05515810200000715
0.055672181000005594
0.055353619000001686
0.054703816999989385
0.054088226000004624
0.055742795000000456
0.053963033999991694
0.05433016700000337
0.05362220700000364
0.053676267000000166
0.05334522100000072
0.0528442190000078
0.053733820999994464
0.05380310099999974
0.0553154030000087
0.055305373999999574
0.055358291000004556
0.054900997999993706
0.05529559400000039
0.05531485299999872
0.05536226900001395
0.05529459599999598
0.055335622000001194
0.05539228899999671
0.05516624300000217
0.05527761199999759
0.05468559199999845
0.05504098000000113
0.05472875799999599
0.055352091000003156
0.05493359000000453
0.05452639599999998
0.054370844999994006
0.05348981600000968
0.0538014870000012
0.054046065000008525
0.05504961399999786
0.054393337999997016
0.055437963999992235
0.05574139200000161
0.05569972899999698
0.05595255800000132
0.055779504999989626
0.054860908999998514
0.05570607300001029
0.05448171599999796
0.05452846100000386
0.053461302999991744
0.05309051599999748
0.05437989899999707
0.0540953739999992
0.056169165999989445
0.0538947569999948
0.055124063999997475
0.05457149000000072
0.05460464300000467
0.05417075000001148
0.05444007599999168
0.05409658000000661
0.054619670000008114
0.05446285200000034
0.05380732700000124
0.054711142000002155
0.054007114999990335
0.05391994999999383
0.054710265000011304
0.055097623000008866
0.055078668999996694
0.055155508999988
0.05498875199999986
0.05434674999999345
0.0539155699999867
0.054157883000002016
0.053996112999996626
0.05429575699999134
0.05448999799999399
0.05452504099999089
0.05375467300000025
0.05476326699999845
0.05539990800001249
0.05383582400000364
0.05439897799999471
0.05391208200001074
0.05422012100000018
0.054046665000001326
0.05456510800000558
0.053256202999989455
0.05416249799999662
0.05577562400000602
0.0545153890000023
0.05359468300000003
0.05471270199998912
0.054849817000004464
0.05488112999999828
0.054572859999993284
0.054302438999997094
0.054532807999990496
0.05420984799999928
0.05439300799999103
0.05415138400000785
0.05474502799999925
0.0552577299999939
0.05501837799999976
0.054630277000001115
0.053482760999997936
0.055911047999998686
0.05527346199998817
0.054394529999996166
0.05364016699999752
0.05500968900000203
0.055027222999996184
0.055354952000001845
0.05515485499999784
0.0545190429999991
0.0552016389999892
0.054774719000008076
0.05534297100000174
0.05520004600001016
0.05510367299999075
0.05548266600000318
0.055152930999994965
0.054873184999991054
0.05448233900000332
0.05489566900000398
0.05473411899998837
0.05540360300000202
0.053998823000000584
0.054493845999999735
0.05443497100000627
0.05548701899999742
0.05444455900000378
0.05438747300000557
0.05508161800000266
0.055146085000004064
0.05543132600000433
0.055828605000002085
0.05524771500000725
0.055196266999999466
0.05536123000000259
0.05487822100000983
0.05517070100000865
0.0542839369999939
0.05352969199999791
0.053641165000001934
0.05383402299999318
0.054216015999998035
0.054967325000006895
0.05477629400000694
0.054223557000000255
0.055680304999995656
0.055012270999995394
0.05453106900000648
0.05460049799999922
0.055045753000001696
0.053678598999994165
0.05502891600001192
0.05598158600000147
0.055052244999998834
0.05376363700000297
0.05461876599999016
0.0541285869999939
0.05504590500000006
0.054831724999999665
0.05471728600001313
0.05449566299999731
0.054990777000000435
0.0543872690000029
0.05408997800000748
0.05466159999998865
0.05336020700001143
0.0533760769999958
0.05626380699999345
0.053933856000000446
0.05515389100000334
0.05561262000000511
0.05366536700000779
0.054455892999996536
0.05503277700000808
0.055063637000003496
0.054850122999994255
0.05498789600000009
0.05476563599999906
0.05497035300000164
0.05533884899999464
0.05516122800000289
0.0556336160000086
0.05536599199999159
0.055395520000004694
0.05544663499999558
0.055214323000001286
0.05443041300000573
0.054586920000005534
0.055339055999994
0.05461276600000531
0.05556007199999158
0.05542430399999887
0.05513578500000449
0.05498623000001146
0.05530263600000751
0.05472442500000341
0.05489896800000338
0.0552927269999941
0.054532671999993454
0.054434134999993944
0.054569524999990904
0.055077968000006194
0.05518990900000631
0.055327758000004224
0.05338754599999618
0.0535097420000028
0.05387780700000633
0.05475288399999556
0.05512012100000163
0.05517434800000842
0.05456917300000441
0.055258350000002565
0.05532762800000057
0.055155643000006194
0.055226155999989146
0.05533259700000315
0.05507218399999658
0.05529224699999702
0.05528099900000427
0.055120255000005614
0.05516194599999835
0.054890094999990424
0.05507321700000034
0.05524844799998618
0.05465419400000826
0.05315090899999575
0.05359354099999791
0.055039487999991366
0.05468421500000886
0.054530533000004766
0.05424712500000339
0.055386814000002005
0.055695186000008334
0.05410403700000188
0.05459099299999082
0.05356732100000272
0.053885272999991685
0.054308216999999104
0.05483418599999368
0.05439967400000967
0.05473034499999585
0.055291504999999574
0.05415773299999671
0.05506736600000295
0.05461795000000791
0.055215289000003054
0.054345857000001274
0.05437936799999932
0.054356967999993344
0.05433990000000222
0.05572317300000407
0.05591198099999417
0.05449168700000939
0.05454334799999572
0.05434042900000691
0.05367983799999365
0.05395681800000318
0.05518127800000627
0.05540862099999799
0.05505226299999322
0.05456105499999353
0.054550710999990315
0.054293353000005595
0.05385002299999542
0.053810480000009875
0.054411157000004096
0.0548954709999947
0.0547824960000014
0.0535455499999955
0.05529851200000735
0.05389453799999444
0.05478608600000712
0.05475605800000949
0.05548555600000782
0.055618701000000215
0.0553190110000088
0.05468668499999296
0.05577801200000465
0.05449474699999257
0.05345784500001116
0.05467591799998672
0.05538907599999732
0.053400894999995785
0.05335854600001255
0.05434823599999561
0.054069810999990864
0.055199784999999224
