6.665200000000038e-05
5.683700000000402e-05
5.54739999999998e-05
5.478899999999953e-05
5.445500000000186e-05
5.437600000000181e-05
5.4176000000003e-05
5.441799999999358e-05
5.4409999999997793e-05
5.457400000000168e-05
5.4312000000000804e-05
5.4349000000002146e-05
5.433799999999406e-05
5.433900000000047e-05
5.452699999999866e-05
5.439000000000138e-05
5.43560000000054e-05
5.910599999999627e-05
5.438299999999813e-05
5.4353999999999514e-05
5.441700000000105e-05
5.433700000000152e-05
5.417400000000405e-05
5.428100000000324e-05
5.449300000000268e-05
5.4349000000002146e-05
5.8436000000001986e-05
5.60770000000016e-05
5.501100000000064e-05
5.459099999999967e-05
5.43929999999998e-05
5.421199999999793e-05
5.426000000000042e-05
5.426000000000042e-05
5.420099999999678e-05
5.968399999999735e-05
5.40769999999996e-05
5.44649999999966e-05
5.448099999999512e-05
5.4263999999998314e-05
5.43470000000032e-05
5.4357000000004874e-05
5.4666000000001824e-05
5.440099999999559e-05
5.4449999999997556e-05
5.4481000000002056e-05
5.432999999999827e-05
5.438699999999602e-05
5.435300000000004e-05
5.4284000000001664e-05
5.8019999999998906e-05
5.4287000000000085e-05
5.4115999999999886e-05
8.907099999999613e-05
5.483299999999719e-05
5.444300000000124e-05
5.435300000000004e-05
5.43029999999986e-05
5.4159999999997543e-05
5.4381999999998654e-05
5.450199999999794e-05
5.488400000000504e-05
5.4088000000000747e-05
5.440400000000095e-05
5.456100000000158e-05
5.428100000000324e-05
5.464999999999637e-05
5.460100000000134e-05
5.4129999999999456e-05
5.452699999999866e-05
5.445600000000134e-05
5.451799999999646e-05
5.417900000000142e-05
5.416400000000238e-05
5.415299999999429e-05
5.412499999999515e-05
5.4363000000001716e-05
5.422599999999056e-05
5.456900000000431e-05
5.441700000000105e-05
5.5680000000002394e-05
5.4744999999994937e-05
5.455900000000957e-05
5.430800000000291e-05
5.421000000001286e-05
5.419900000000477e-05
5.431699999999817e-05
5.4342999999998365e-05
5.4296000000009226e-05
5.45180000000034e-05
5.905800000000072e-05
5.467700000000297e-05
5.4553999999998326e-05
5.4515000000004976e-05
5.48749999999959e-05
5.43749999999954e-05
5.4391000000000855e-05
5.4300999999992716e-05
5.4360000000003295e-05
5.860800000000166e-05
5.4357000000004874e-05
5.4599000000002396e-05
5.4352000000007505e-05
5.467900000000192e-05
5.436699999999961e-05
5.4388000000002434e-05
7.880400000000176e-05
5.494200000000227e-05
5.9049999999991054e-05
5.436699999999961e-05
5.4235999999999174e-05
5.436400000000119e-05
5.4467000000002486e-05
5.424700000000726e-05
5.4301000000006594e-05
5.444500000000019e-05
5.4223000000006016e-05
5.433799999998712e-05
5.433600000000205e-05
5.42539999999897e-05
5.411699999999242e-05
5.416699999999386e-05
5.418100000000037e-05
5.4294999999995874e-05
5.400600000000921e-05
5.4231000000001806e-05
5.4328999999991856e-05
5.4405000000007364e-05
5.424599999999391e-05
5.4161000000010895e-05
5.800999999999723e-05
5.427700000000535e-05
7.757900000000817e-05
5.471999999999422e-05
5.417300000000458e-05
5.420899999999951e-05
5.451000000000761e-05
5.420899999999951e-05
5.405299999999835e-05
5.434300000001224e-05
5.440300000000842e-05
5.4120999999990316e-05
5.44150000000021e-05
5.4129999999999456e-05
5.421199999999793e-05
5.456099999999464e-05
5.446800000000196e-05
5.412500000000209e-05
5.447299999999933e-05
5.408899999999328e-05
5.455699999999675e-05
5.4560000000009046e-05
5.4353999999992575e-05
5.4523000000000765e-05
5.930800000000791e-05
5.454600000000254e-05
5.4393999999999276e-05
5.4484000000007415e-05
5.435199999999363e-05
5.5575999999987746e-05
5.439000000000138e-05
5.4350999999994154e-05
5.4231000000001806e-05
5.924799999999786e-05
5.4560000000009046e-05
5.4682999999999815e-05
5.4388000000002434e-05
5.458799999999431e-05
5.428499999998726e-05
5.454599999998866e-05
5.438100000000612e-05
5.435199999999363e-05
5.4180000000000894e-05
5.4517000000003923e-05
5.4361999999988364e-05
5.4568000000004835e-05
5.4189000000010035e-05
5.4339999999999944e-05
5.4713999999997376e-05
5.450499999999636e-05
5.414800000000386e-05
5.4231000000001806e-05
5.426000000000042e-05
5.414300000000649e-05
5.506700000000586e-05
7.532999999999845e-05
5.471999999999422e-05
5.44739999999988e-05
5.417900000000142e-05
5.427800000000482e-05
5.429900000000765e-05
5.44960000000011e-05
5.421800000000865e-05
5.437000000001191e-05
5.463099999999943e-05
5.4520000000002344e-05
5.449899999999952e-05
5.4495000000001625e-05
5.418700000001109e-05
5.4338000000001e-05
5.43969999999977e-05
5.43969999999977e-05
5.4246999999993384e-05
5.4578999999999045e-05
5.434799999999573e-05
5.423000000000233e-05
5.433600000000205e-05
5.4489000000004784e-05
5.436099999998889e-05
5.506600000000639e-05
5.7777999999994445e-05
5.426499999999779e-05
5.510799999999816e-05
5.453900000000622e-05
5.464600000000541e-05
5.4377000000008224e-05
5.4370999999997505e-05
5.473699999999915e-05
5.4761999999999866e-05
5.453499999999445e-05
5.437500000000928e-05
5.444899999999808e-05
5.447299999999933e-05
5.450699999999531e-05
5.433199999999028e-05
5.4234000000000226e-05
5.433900000000047e-05
5.9073000000006703e-05
5.434999999999468e-05
5.449100000000373e-05
5.437299999999645e-05
5.4259000000000945e-05
5.446299999999071e-05
5.464399999999259e-05
7.258800000001231e-05
5.9920999999990565e-05
5.635900000000582e-05
7.02320000000034e-05
5.477700000000585e-05
5.503199999999653e-05
5.4304000000005015e-05
5.428899999999903e-05
5.4300999999992716e-05
5.431300000000028e-05
5.68930000000023e-05
5.467499999999015e-05
5.450699999999531e-05
5.506799999999146e-05
5.4499999999998994e-05
5.437900000000717e-05
5.4418999999999995e-05
5.44739999999988e-05
5.404200000000414e-05
5.417599999998912e-05
5.768700000000071e-05
5.500199999999844e-05
5.433100000000468e-05
5.288600000000199e-05
5.4530999999996554e-05
5.2573999999999677e-05
5.456700000000536e-05
5.8540000000009695e-05
5.5609999999997606e-05
5.326899999999468e-05
5.466700000000824e-05
5.286399999999969e-05
5.414800000000386e-05
5.225999999999842e-05
5.427700000000535e-05
5.271000000001136e-05
5.416800000000721e-05
5.2137999999993245e-05
5.401700000000342e-05
5.214699999998851e-05
5.415599999999965e-05
5.220299999998679e-05
5.411800000000577e-05
5.221799999999277e-05
5.3759000000000445e-05
5.204699999999951e-05
5.3865999999999636e-05
5.70149999999936e-05
5.402399999999974e-05
5.2190999999993104e-05
5.4050999999999405e-05
5.2504000000008766e-05
5.4131999999998404e-05
5.680500000000699e-05
5.438900000000191e-05
5.234699999999426e-05
5.8411000000008206e-05
5.229599999999335e-05
5.4020000000001844e-05
5.228400000001354e-05
5.429400000001028e-05
5.206899999998793e-05
5.4182999999999315e-05
5.25180000000014e-05
5.4033999999994475e-05
5.237199999999498e-05
5.4338000000001e-05
5.214800000000186e-05
5.4103999999999264e-05
5.2049000000012335e-05
5.396799999998758e-05
5.220400000000014e-05
5.3926999999995284e-05
5.226900000000756e-05
5.421900000000812e-05
5.22349999999977e-05
5.3934999999991073e-05
5.230200000000407e-05
5.403599999999342e-05
5.2216999999993297e-05
6.0084000000001914e-05
5.3720000000007095e-05
5.54339999999931e-05
5.279299999999543e-05
5.435400000000645e-05
7.107100000000588e-05
5.4637999999995746e-05
5.2596000000001975e-05
5.426499999999779e-05
5.294200000000027e-05
5.463099999999943e-05
5.285599999999002e-05
5.4251000000005156e-05
5.2390999999998855e-05
5.445800000000722e-05
5.285199999999213e-05
5.4279000000004296e-05
5.268199999999834e-05
5.443099999999368e-05
5.244499999999819e-05
6.512399999999974e-05
5.2405000000005364e-05
5.418100000000037e-05
5.2294999999993874e-05
5.416499999999491e-05
5.21170000000043e-05
5.427200000000798e-05
5.224299999999349e-05
5.4086999999994334e-05
5.243400000000398e-05
5.408799999999381e-05
5.239999999999412e-05
5.48780000000082e-05
5.2725000000003464e-05
5.428200000000272e-05
5.205900000000707e-05
5.401900000000237e-05
5.220400000000014e-05
5.4023000000000265e-05
5.2383000000003066e-05
5.391000000000423e-05
5.191699999999855e-05
5.423999999999707e-05
5.191999999999697e-05
5.4170999999991754e-05
5.228499999999914e-05
5.417400000000405e-05
5.216999999999028e-05
5.87130000000019e-05
5.233000000000321e-05
5.397699999999672e-05
5.2214000000008753e-05
5.420100000000372e-05
5.207200000000023e-05
5.406899999998993e-05
5.3005999999994335e-05
5.42939999999964e-05
5.2349000000007084e-05
5.423200000000128e-05
5.270899999999801e-05
5.386999999999753e-05
5.223799999999612e-05
5.372100000000657e-05
5.207000000000128e-05
5.4127000000001035e-05
5.2137999999993245e-05
5.3926999999995284e-05
5.224900000000421e-05
5.388700000000246e-05
5.217799999999995e-05
5.399199999998883e-05
5.208600000000674e-05
5.427099999999463e-05
5.252700000001054e-05
5.418100000000037e-05
5.2464000000002065e-05
5.4004000000010266e-05
5.2124000000000614e-05
5.38780000000072e-05
5.221300000000928e-05
5.4238999999997595e-05
5.231899999999512e-05
5.3905000000006864e-05
5.22349999999977e-05
5.4019999999987967e-05
5.211800000000377e-05
5.466500000000929e-05
5.239500000001063e-05
5.409800000000242e-05
5.214300000000449e-05
5.411699999999242e-05
5.2223000000004016e-05
5.397999999999514e-05
5.228599999999861e-05
5.3852000000007005e-05
5.228000000000177e-05
5.376099999999939e-05
5.208799999999181e-05
5.399400000000165e-05
5.217799999999995e-05
5.3761999999998866e-05
5.202199999999879e-05
5.4037000000006774e-05
5.2001000000009845e-05
5.8485999999996485e-05
5.227800000000282e-05
5.408600000000874e-05
5.1966999999999985e-05
5.409800000000242e-05
5.184099999999692e-05
5.398800000000481e-05
5.2299000000005647e-05
5.395800000000672e-05
5.7055999999999774e-05
5.386100000000227e-05
5.563699999999727e-05
5.4159999999997543e-05
5.224900000000421e-05
5.402399999999974e-05
5.208099999999549e-05
5.3804000000004515e-05
5.2238999999995595e-05
5.389800000001055e-05
5.2190999999993104e-05
5.382800000000576e-05
5.231399999999775e-05
5.3789999999998006e-05
5.192399999999486e-05
5.3883000000004566e-05
5.208700000000621e-05
5.39150000000016e-05
5.211599999999095e-05
5.8313999999989874e-05
5.212200000000167e-05
5.401900000000237e-05
5.239199999999833e-05
5.434399999999784e-05
5.198699999998946e-05
5.4020000000001844e-05
5.202099999999932e-05
5.45329999999955e-05
5.684799999999823e-05
5.392899999999423e-05
5.229100000000986e-05
5.3961000000005144e-05
5.2084999999993387e-05
5.40549999999973e-05
5.2370999999995504e-05
5.4218999999994244e-05
5.223299999999875e-05
5.416300000000984e-05
5.2693999999992025e-05
5.5797999999995795e-05
8.430599999999233e-05
5.883300000000813e-05
5.6568000000006835e-05
5.55730000000032e-05
6.68499999999933e-05
5.520500000000261e-05
5.2793000000009305e-05
5.44119999999898e-05
5.253000000000896e-05
5.396500000000304e-05
5.246600000000101e-05
5.4268000000010086e-05
5.2467000000000485e-05
5.891400000000713e-05
5.241999999999747e-05
5.435499999999205e-05
5.2349000000007084e-05
5.431999999999659e-05
5.2448000000010486e-05
5.407799999999907e-05
5.211200000002081e-05
5.4360000000003295e-05
5.6037000000008774e-05
5.47750000000069e-05
5.295099999999553e-05
5.432199999999554e-05
5.26760000000015e-05
5.4984000000007915e-05
5.297500000001065e-05
5.782700000001029e-05
5.2864999999985285e-05
5.4653000000015606e-05
5.266300000000834e-05
5.439199999998645e-05
5.255900000000757e-05
5.461500000000785e-05
5.278000000000227e-05
5.418599999998386e-05
5.256400000000494e-05
5.404100000000467e-05
5.242099999999694e-05
5.4197000000005824e-05
5.292700000000816e-05
5.869799999999592e-05
5.245399999997957e-05
5.4237000000012525e-05
5.365200000001513e-05
5.415100000000228e-05
5.264400000001834e-05
5.421199999999793e-05
5.242499999999484e-05
5.441300000000315e-05
5.236699999999761e-05
5.429799999998042e-05
5.243800000001575e-05
5.413200000001228e-05
5.2349000000007084e-05
5.411999999999084e-05
5.247099999999838e-05
5.408600000000874e-05
5.770800000001741e-05
5.414900000000333e-05
5.2530000000022836e-05
5.434299999998449e-05
5.248699999998996e-05
5.484399999999834e-05
5.2426999999993784e-05
5.391499999998772e-05
5.2101999999998316e-05
5.434800000000961e-05
5.283300000000213e-05
5.4246999999979506e-05
5.2637999999993745e-05
5.506799999999146e-05
5.25730000000002e-05
5.430500000000449e-05
5.26570000000115e-05
5.394000000000232e-05
5.2263999999996313e-05
5.404700000000151e-05
5.235800000000235e-05
5.4136999999981894e-05
5.2571000000001256e-05
5.4066000000019265e-05
5.235300000000498e-05
5.394000000000232e-05
5.283600000000055e-05
5.4232999999986875e-05
5.25730000000002e-05
5.4432999999992626e-05
5.256100000000652e-05
5.4210999999998455e-05
5.2139999999978315e-05
5.465200000001613e-05
5.229200000000933e-05
5.4120999999990316e-05
5.2474999999996275e-05
6.0669000000013185e-05
5.230800000000091e-05
7.834700000000638e-05
5.293800000000237e-05
5.407699999998572e-05
5.239100000001273e-05
5.394200000000127e-05
5.23349999999867e-05
5.3915999999987196e-05
5.734099999998854e-05
5.4112999999994527e-05
5.224100000000842e-05
5.399300000000218e-05
5.232199999999354e-05
5.394000000000232e-05
5.238299999998919e-05
5.40610000000219e-05
5.2314999999997225e-05
5.401200000001993e-05
5.236499999999866e-05
5.391899999998562e-05
5.221199999999593e-05
5.388900000000141e-05
5.212199999998779e-05
5.376300000001222e-05
5.229799999997842e-05
5.376499999998341e-05
5.230600000000196e-05
5.7835000000006076e-05
7.300199999998869e-05
5.45730000000022e-05
5.250800000000666e-05
5.420200000000319e-05
5.228499999998526e-05
5.41200000000186e-05
5.2301000000004594e-05
5.426299999999884e-05
5.696999999998953e-05
5.3898999999996144e-05
5.238699999998708e-05
5.402399999998586e-05
5.2392999999983925e-05
5.415699999999912e-05
5.225400000000158e-05
5.423000000001621e-05
5.255500000000968e-05
5.391699999998667e-05
5.2608000000009536e-05
5.433799999998712e-05
5.2261999999997366e-05
5.4095000000004e-05
5.217100000001751e-05
5.420500000000161e-05
5.233299999998775e-05
5.407000000001716e-05
5.2362999999999715e-05
7.720299999999791e-05
5.2659999999982166e-05
5.426299999999884e-05
5.251600000000245e-05
5.393800000000337e-05
5.2462999999974835e-05
5.3931999999978775e-05
5.247699999999522e-05
5.3960999999991266e-05
5.7709999999988604e-05
5.404600000000204e-05
5.184999999999218e-05
5.399899999999902e-05
5.211699999999042e-05
5.405199999999888e-05
5.2389999999985504e-05
5.3992000000002704e-05
5.216999999999028e-05
5.411099999999558e-05
5.2493000000014556e-05
5.4189000000010035e-05
5.248199999999259e-05
5.406200000002137e-05
5.249099999998785e-05
5.453599999999392e-05
5.233400000001498e-05
5.393599999997667e-05
7.881399999998262e-05
5.44089999999775e-05
5.242099999999694e-05
5.3911000000017584e-05
5.2365999999998136e-05
5.398200000000797e-05
5.212699999998516e-05
5.394499999999969e-05
5.2029000000008985e-05
5.3914000000016005e-05
5.7032000000012406e-05
5.3999999999998494e-05
5.231899999999512e-05
5.41919999999807e-05
5.243000000001996e-05
5.404200000000414e-05
5.2181999999983963e-05
5.414000000000807e-05
5.223399999998435e-05
5.389000000000088e-05
5.217099999998975e-05
5.40170000000173e-05
5.243199999999115e-05
5.409800000000242e-05
5.242299999999589e-05
5.402099999998744e-05
5.6355000000007927e-05
7.422099999998544e-05
5.292600000000869e-05
5.4552000000013257e-05
5.251100000000508e-05
5.419300000000793e-05
5.232099999999407e-05
5.3984000000006915e-05
5.2261999999997366e-05
5.421499999999635e-05
5.2405000000005364e-05
5.4450000000011434e-05
5.694800000000111e-05
5.382899999997748e-05
5.243499999998957e-05
5.372400000000499e-05
5.215299999999923e-05
5.37939999999959e-05
5.213700000000765e-05
5.379999999999274e-05
5.211999999998884e-05
5.389000000000088e-05
5.256200000000599e-05
5.379699999999432e-05
5.223099999998593e-05
5.4010000000020986e-05
5.404499999997481e-05
5.882800000001076e-05
5.775999999999004e-05
5.340499999997861e-05
6.126400000000531e-05
5.263300000002413e-05
5.450299999998354e-05
5.242499999999484e-05
5.4279000000018174e-05
5.217499999998765e-05
5.421199999999793e-05
5.232499999999196e-05
5.595699999999537e-05
5.269899999998939e-05
5.495099999999753e-05
5.248900000001666e-05
5.419100000000898e-05
5.235100000000603e-05
5.895999999999679e-05
5.2403999999978135e-05
5.434299999998449e-05
5.228799999998368e-05
5.440700000000631e-05
5.248199999999259e-05
5.421499999999635e-05
5.530500000000549e-05
5.475200000001901e-05
5.295299999999448e-05
5.460499999998536e-05
5.250000000001087e-05
5.434699999998238e-05
5.2258999999998945e-05
6.044700000001901e-05
5.38780000000072e-05
5.460599999998483e-05
5.292199999998304e-05
5.422899999998898e-05
5.252999999999508e-05
5.4482999999994064e-05
5.2768000000008586e-05
5.464699999999101e-05
5.274299999999399e-05
5.456400000000694e-05
5.2357000000002873e-05
5.425500000000305e-05
5.25140000000035e-05
5.434299999998449e-05
5.2386000000015365e-05
5.426000000000042e-05
5.250700000000719e-05
5.4195000000006877e-05
5.262300000000164e-05
5.4099000000001896e-05
5.260699999998231e-05
5.513700000001065e-05
5.247599999999575e-05
5.431399999999975e-05
5.250600000000771e-05
5.410599999999821e-05
5.213399999998147e-05
5.43370000000154e-05
5.2294999999979996e-05
5.3944000000000214e-05
5.22319999999854e-05
5.432799999999238e-05
5.262600000000006e-05
5.47600000000148e-05
5.240400000000589e-05
5.4245000000008314e-05
5.739100000001773e-05
5.422399999999161e-05
5.212400000001449e-05
5.406599999999151e-05
5.235000000000656e-05
5.3936000000004425e-05
5.228600000001249e-05
5.382399999998011e-05
5.2085000000007264e-05
5.4122000000017545e-05
5.21600000000233e-05
5.386500000001404e-05
5.277000000000753e-05
5.4026000000012564e-05
5.2132999999982e-05
5.4043000000003616e-05
5.2301000000004594e-05
5.391999999998509e-05
5.207200000001411e-05
5.417899999998754e-05
5.2061999999991615e-05
5.4181000000014246e-05
5.2469999999998906e-05
5.4005999999995336e-05
5.2195000000004876e-05
5.458399999999641e-05
5.2061999999991615e-05
5.403400000000835e-05
5.7000000000001494e-05
5.4275999999992e-05
5.2207999999998034e-05
5.40170000000173e-05
5.2520000000000344e-05
5.398500000000639e-05
5.211999999998884e-05
5.401600000001783e-05
5.214000000000607e-05
5.404100000000467e-05
5.2106000000023966e-05
5.8309000000006384e-05
5.248500000001877e-05
5.420600000000109e-05
5.229200000000933e-05
5.40360000000073e-05
5.215899999999607e-05
5.405699999999625e-05
5.238399999998866e-05
5.443500000001933e-05
5.235000000000656e-05
5.4037000000006774e-05
5.2162999999993964e-05
5.4016999999989546e-05
5.2024000000011617e-05
5.410499999999874e-05
5.23749999999934e-05
5.407999999998414e-05
5.691500000001848e-05
5.4024999999985335e-05
5.248399999999154e-05
5.4275999999992e-05
5.255600000000915e-05
5.405999999999467e-05
5.232199999999354e-05
5.402000000001572e-05
5.224700000000526e-05
5.4213999999996876e-05
5.327500000001928e-05
5.414900000000333e-05
5.2392000000012207e-05
5.389600000002548e-05
5.2501000000010345e-05
5.382500000000734e-05
5.2258999999998945e-05
5.3744999999993937e-05
5.253599999999192e-05
5.408199999998309e-05
5.2482999999992064e-05
5.4077000000013475e-05
5.264199999999164e-05
5.4064999999992036e-05
5.222099999999119e-05
5.448499999999301e-05
5.228199999998684e-05
5.380499999999011e-05
5.266099999998164e-05
5.4363999999973434e-05
5.2373999999993925e-05
5.4173999999990174e-05
5.225800000002723e-05
5.392199999998404e-05
5.239500000001063e-05
5.402399999998586e-05
7.283399999999385e-05
5.877200000001248e-05
5.2258999999998945e-05
5.39960000000006e-05
5.226299999999684e-05
5.398600000000586e-05
5.212199999998779e-05
5.4010000000020986e-05
5.2157999999996596e-05
5.4005999999995336e-05
5.223799999998224e-05
5.422100000002095e-05
5.225400000000158e-05
5.3954999999994424e-05
5.2074000000013054e-05
5.415100000000228e-05
5.221700000002105e-05
5.4653000000015606e-05
5.2189000000008035e-05
5.39960000000006e-05
5.222500000001684e-05
5.404400000000309e-05
5.2429999999992205e-05
5.416500000002267e-05
5.215899999999607e-05
5.3850999999993654e-05
5.20339999999786e-05
7.77980000000178e-05
5.271900000000662e-05
5.970799999999166e-05
5.216199999999449e-05
5.3989000000004284e-05
5.2095000000002e-05
5.419100000000898e-05
5.23349999999867e-05
5.4027999999983756e-05
5.216399999999344e-05
5.40739999999873e-05
5.214500000000344e-05
5.420200000000319e-05
5.2221999999990665e-05
5.3926999999981406e-05
5.206599999998951e-05
5.3926999999981406e-05
5.2075999999984246e-05
5.392400000001074e-05
5.2082000000008843e-05
5.402500000001309e-05
5.236699999999761e-05
5.3976000000011126e-05
5.214000000000607e-05
5.426599999999726e-05
5.2464000000002065e-05
5.4136000000010176e-05
7.541799999999377e-05
5.446500000000354e-05
5.6397000000013575e-05
5.8880999999982864e-05
5.226899999999368e-05
5.379099999999748e-05
5.244700000001101e-05
5.4131999999984526e-05
5.288199999997634e-05
5.3838000000000497e-05
5.221900000002e-05
5.4096000000003475e-05
5.6720000000010096e-05
5.38929999999993e-05
5.2248000000004735e-05
5.413899999998084e-05
5.215699999999712e-05
5.3904999999992986e-05
5.3971999999985476e-05
6.958500000001089e-05
5.628400000001754e-05
5.3915999999987196e-05
5.467400000000455e-05
5.2735999999997674e-05
5.414900000000333e-05
5.261400000000638e-05
5.407899999998467e-05
5.2563999999977185e-05
5.423500000001358e-05
5.246600000000101e-05
5.735300000000998e-05
6.719900000001777e-05
5.45519999999855e-05
5.2485999999990485e-05
5.438599999998961e-05
5.232999999998933e-05
5.417700000001635e-05
5.242400000002312e-05
5.429799999998042e-05
5.2133000000009755e-05
5.452400000000024e-05
5.24550000000068e-05
5.437599999999487e-05
5.267100000000413e-05
5.4237000000012525e-05
5.34739999999978e-05
5.448900000001866e-05
5.247899999999417e-05
5.452499999999971e-05
5.2408000000003785e-05
5.769199999999808e-05
5.3203000000001666e-05
5.4637999999995746e-05
5.251600000000245e-05
5.442900000002249e-05
5.2637999999993745e-05
5.422899999998898e-05
5.692199999998704e-05
6.0411000000010207e-05
5.346000000000517e-05
5.96360000000018e-05
5.24739999999968e-05
5.4586000000023116e-05
5.3085000000008264e-05
5.462600000000206e-05
5.24360000000168e-05
5.4571999999974974e-05
5.236200000000024e-05
5.423000000001621e-05
5.71350000000137e-05
5.442499999999684e-05
5.2251000000003156e-05
5.4445999999985784e-05
5.256700000000336e-05
5.436500000000066e-05
5.215699999999712e-05
5.425000000000568e-05
5.227099999999263e-05
5.457200000000273e-05
5.243099999999168e-05
5.4327000000020664e-05
5.235300000000498e-05
5.457299999997445e-05
5.220499999999961e-05
5.4474999999998275e-05
5.607699999998772e-05
