0.056151405000000015
0.05616760500000001
0.055955853
0.05617845300000002
0.05607805399999999
0.055929908999999944
0.05601614399999999
0.05608894000000009
0.0558056440000001
0.05597292500000006
0.056019073999999947
0.05578590300000008
0.05603696700000005
0.0560001069999998
0.055797182000000056
0.05595360700000018
0.05605543699999993
0.055850681999999985
0.05601334499999977
0.0560624599999997
0.055838850999999856
0.05599827599999996
0.056054943999999995
0.05580760500000004
0.055985285999999856
0.05604378199999971
0.055838868000000375
0.05603375799999988
0.05619327000000007
0.056039128000000105
0.056001235000000094
0.0560045149999997
0.05586656599999973
0.0560251260000002
0.056148300999999456
0.055987081000000494
0.05600030300000025
0.056065920999999186
0.055837686000000275
0.05598748199999992
0.05631221699999944
0.05584126099999942
0.056080777000000026
0.05626905999999998
0.05589136800000016
0.056017520000000154
0.05607748699999959
0.05584414500000001
0.055994335000000284
0.05612336100000004
0.05583928199999999
0.05600161600000053
0.056080832000000136
0.055971467
0.056059941
0.0560895480000001
0.05585163099999946
0.05600694899999947
0.05612874699999981
0.05591576900000028
0.056069064999999974
0.05620770099999994
0.05598054100000027
0.05608443699999999
0.05608585099999974
0.05597787999999948
0.056087141000000784
0.05609594599999923
0.05587025300000015
0.05607156599999996
0.05609731100000026
0.05615050099999941
0.056116379999998856
0.05608686099999893
0.055957055000000366
0.056033405999999175
0.05618246100000057
0.055888748999999294
0.05603327500000077
0.056008943000000144
0.05598326099999973
0.05603173300000108
0.05610551199999847
0.05598099000000012
0.05598230800000081
0.05607036600000015
0.05586862100000012
0.055982919999999936
0.056121500999999796
0.05595671700000082
0.05603640900000073
0.056042874000000964
0.05601479399999931
0.05601288400000115
0.05610213900000005
0.05591370400000173
0.055998612999999864
0.056034425
0.055945049999998275
0.05606666599999954
0.05603058699999863
0.05595643699999897
0.05604304900000123
0.05608250400000081
0.05582024799999985
0.0560429340000006
0.05608932099999997
0.05588394799999996
0.05597744800000015
0.056010319999998615
0.05589591899999924
0.055996392999999145
0.05600272100000048
0.05578208700000076
0.055989032999999466
0.05608137700000171
0.055802374000000654
0.056034802000000994
0.056002909000000045
0.05584032999999877
0.05597696600000113
0.05601255800000082
0.05580237199999871
0.0559785650000002
0.05602822600000046
0.055867833000000644
0.05599916699999952
0.055986417999999816
0.05591463000000019
0.0560844110000005
0.05612223599999844
0.05597723500000029
0.056016277000001224
0.05603187700000056
0.05586080899999857
0.0559928860000003
0.05600879999999897
0.055833436999998654
0.055997116000000347
0.056005559000000815
0.055790985999999876
0.05597301700000301
0.05601466699999946
0.05593155999999766
0.056013607999997106
0.05601360900000074
0.05578100500000005
0.05602200599999918
0.05601318799999788
0.05584571500000024
0.05594422200000082
0.0561315250000014
0.05593533100000059
0.056006689000000165
0.05603581999999818
0.05585368599999896
0.056033993999999865
0.05350163199999969
0.055890757000000235
0.055980288000000655
0.05612628400000119
0.055882902000000456
0.056015604000002384
0.0560103990000016
0.05582669600000045
0.05605103399999933
0.05602408700000083
0.05586763000000161
0.055958309000001094
0.05607238300000006
0.05584659999999886
0.055976735999998084
0.0560197130000013
0.055839052999999694
0.05602752500000108
0.05601866700000002
0.05583107200000015
0.05601218299999999
0.05604561199999836
0.055845739999998756
0.05598010599999981
0.05609276399999885
0.05593479499999887
0.05608110999999738
0.05600745599999968
0.05586019400000097
0.05595679500000017
0.05607783600000005
0.05592510500000003
0.05604088499999804
0.05608712799999793
0.05599432700000051
0.05606170100000085
0.05599993800000291
0.05583029199999956
0.05595238499999766
0.05605558999999971
0.05597600999999841
0.055972485999998156
0.05610713600000139
0.05582904000000255
0.0559980770000017
0.056071399000000355
0.05586085100000204
0.055978006000000136
0.05609047700000147
0.05588026300000237
0.05596974599999882
0.05608488500000064
0.05580062199999958
0.056020778000000604
0.05601057299999823
0.055802604000000144
0.056043455999997605
0.05600672899999992
0.05592170199999913
0.05598746200000093
0.05608644699999843
0.05583651899999964
0.05601413000000122
0.05602743000000032
0.055862872999998814
0.056007353999998344
0.056032174999998574
0.05588901599999829
0.05595383900000073
0.05609331600000189
0.055955206000000146
0.05598908400000013
0.05601388299999854
0.05586198100000317
0.05597752100000264
0.056026915000000344
0.055994075000000976
0.05606031800000011
0.05609645799999896
0.05583001699999812
0.055999901999999935
0.056048677999999796
0.05587654600000036
0.05604446299999921
0.05602704700000061
0.05589004699999833
0.05598419000000021
0.05599444199999937
0.05586661799999959
0.05597743599999916
0.05603515099999967
0.0559303600000014
0.05596323700000028
0.056061267999997
0.055884960999996736
0.055976680000000556
0.05604983600000324
0.05592463300000006
0.05597954500000313
0.05601134999999857
0.05358110899999957
0.05605016100000171
0.05344303399999717
0.056009206000002365
0.05369976899999784
0.05596530000000044
0.05349066299999805
0.056086164999999966
0.053534134999999594
0.05598419400000054
0.05365369100000095
0.05589871400000135
0.05355319499999922
0.05613745200000153
0.05344985000000335
0.055971092000000056
0.05370573100000087
0.05594100599999763
0.05350263099999708
0.05598488400000079
0.05350048500000071
0.05601612999999972
0.05371816300000276
0.05595427499999772
0.05347590899999943
0.05602862099999939
0.05343034099999855
0.056001269999995884
0.053700406000004364
0.055910740999998154
0.05352665399999523
0.05601812100000103
0.05352954199999971
0.05598930000000024
0.05376730699999399
0.05587214599999868
0.05347756200000475
0.056033896000002414
0.05349674499999679
0.0560169970000004
0.053666432999996516
0.05606802599999838
0.05347117299999837
0.056142975999996736
0.053433495999996694
0.05598658899999975
0.05366314200000488
0.05594232899999696
0.0534833230000018
0.055999282999998456
0.053508708000002514
0.0559657470000019
0.053836865000000955
0.05592367100000217
0.05348089400000333
0.05600981099999558
0.053609968000003505
0.05597613599999818
0.053661452999996584
0.05588016899999815
0.0535286940000006
0.05605731200000008
0.05345743200000186
0.05596778000000313
0.05364810999999747
0.05595574600000219
0.05356357199999451
0.05603108999999762
0.053444380999998486
0.055987549999997555
0.053685186000002716
0.05593023699999833
0.05349028899999553
0.05604452800000104
0.05353111299999824
0.05604552300000165
0.05370753799999761
0.055923855000003186
0.05351246600000081
0.05602742899999669
0.053449701000005234
0.055982681000003254
0.05367568199999795
0.0559054880000005
0.053510811999998964
0.05603038199999588
0.05345443000000216
0.05605795399999636
0.0537291429999982
0.055882938999999965
0.05350013500000017
0.056071138999996606
0.05343057500000015
0.05596956200000136
0.053649100000001226
0.05590469599999892
0.05363790900000254
0.056029508999998257
0.05344264800000076
0.055997089000001665
0.05365524300000146
0.05590703300000399
0.053493035999998995
0.05609774400000589
0.05343586299999714
0.05603839999999849
0.053697737000000245
0.05595909600000226
0.05350904400000189
0.05599529199999864
0.05345308299999374
0.05604849100000564
0.05365678500000115
0.055955222999998
0.05355023900000333
0.05606986800000158
0.05348603800000262
0.0559718920000023
0.053661142999999356
0.055945557999997675
0.0535673509999981
0.05591035300000158
0.053824287000004745
0.055878800999998646
0.053555784000003825
0.055902432000003444
0.053605396000001804
0.05592476000000346
0.053688469000000794
0.055896191999998734
0.05345657800000225
0.055899426000003416
0.05369207500000073
0.055953348000002734
0.05377879199999569
0.05593320300000215
0.05345596200000102
0.0558661699999945
0.05376146799999759
0.05600328199999893
0.053722117999996044
0.055914528999998936
0.053518054999997844
0.05587228600000316
0.05362096300000019
0.055942352000002415
0.053664474000001405
0.05599575400000134
0.05352947300000466
0.055932028999997385
0.05373587200000429
0.055934190999998634
0.05378672100000159
0.055833977999995454
0.05349121700000126
0.05581789899999734
0.053664850000004094
0.05591674499999755
0.05372547700000041
0.05592166499999962
0.05345295999999422
0.055889275999994936
0.05376859799999778
0.05588530200000008
0.05373128600000143
0.055936148999997215
0.05348788500000268
0.05586763099999814
0.053685821000001965
0.05595560799999788
0.05379367500000143
0.05579221200000006
0.053443375999997045
0.05584455300000002
0.053641894999998385
0.055982958999997834
0.053740264999994736
0.055846046999995735
0.053490297000003295
0.055814904999998305
0.05369523899999962
0.05595753400000092
0.05371097300000116
0.05582259399999856
0.05343239299999425
0.05592500800000266
0.053705931999999734
0.05597836000000456
0.05367404900000139
0.05583784899999955
0.053466608000000804
0.05591424100000353
0.053637601000005475
0.05601477599999782
0.05376879399999979
0.05585040500000105
0.053508069000002934
0.05579762600000038
0.053634058000000095
0.055892728999999974
0.053724687999995524
0.05595758700000175
0.05352086100000264
0.05585010899999787
0.05359046000000234
0.05594592699999623
0.05371962800000318
0.05589933099999911
0.05344242999999693
0.05587980800000025
0.05368236500000023
0.05595683299999621
0.05376703299999974
0.05582110600000334
0.05342830800000087
0.055869936000000564
0.0536695079999987
0.0559242409999996
0.053733946000001254
0.05585144599999836
0.053529566000001694
0.055904985999994494
0.053643870999998455
0.05591846200000106
0.05373216000000269
0.05580598699999939
0.053447939000001554
0.05591447199999777
0.05360340099999661
0.05587186399999666
0.053681361000002425
0.05579298700000379
0.05343013400000274
0.05577390199999854
0.05361934899999454
0.055904816999998275
0.05372303800000111
0.05583678999999364
0.0534507650000009
0.055819595000002664
0.05367155800000489
0.05586453499999777
0.053741541000000836
0.05578772400000531
0.05343591499999434
0.05592112799999427
0.0536968510000051
0.05600187299999959
0.05374081800000141
0.055896490000002075
0.05348084900000316
0.05588809099999992
0.053599939999998014
0.055872152999995706
0.053721287000001894
0.055920131000000595
0.05342670299999952
0.05587541200000601
0.05361435500000056
0.05588619499999936
0.05387570900000327
0.05586192300000192
0.05348402299999577
0.055849934000001156
0.053721540000005064
0.0558710480000002
0.053792980999993745
0.055871598999999605
0.05346465600000272
0.05585990299999821
0.05362872199999913
0.05594376999999895
0.05373387900000637
0.0559440010000003
0.053498342000004584
0.05594059299999543
0.0536387189999985
0.055915585000001045
0.053747498999996424
0.05587092900000101
0.05348665500000038
0.05591385999999687
0.05352612200000095
0.055905877000000714
0.05374744499999906
0.055849459999997464
0.053443228000006116
0.05583159000000393
0.05362062700000081
0.055965499999999224
0.05367289899999861
0.05585430900000432
0.053429376999993394
0.055888531000000796
0.05360518699999517
0.055895578000004775
0.053766402000000824
0.055780580000003965
0.0534657999999979
0.055881284999998115
0.05358668099999875
0.05590145199999341
0.053753497000002426
0.055811568999999395
0.05345901600000502
0.055807915999999125
0.053616740999999024
0.05599270599999784
0.05369865099999771
0.05578576900000343
0.053460374000003696
0.055855047000001434
0.053654960000002916
0.055958261999997205
0.05380278300000185
0.05582000900000139
0.05350891699999494
0.055871740000000614
0.05362013300000257
0.05589582600000398
0.05372712100000854
0.055849365999989686
0.053447577000000024
0.05574544699999251
0.05370555100000729
0.055899959999990756
0.05371446699999183
0.05582060500000807
0.05346496199999251
0.05582625499999949
0.053671136000005504
0.055920338000007064
0.053695648000001484
0.055876208000000815
0.05348528300000055
0.055896699000001604
0.05361146999999278
0.05590620499999943
0.05370463100000222
0.055902091000007204
0.053719721000007326
0.053721563999999944
0.05596308299999464
0.05366879900000754
0.05615246299998944
0.0534212980000035
0.05597198199998843
0.05366093199999966
0.055934008999997786
0.053690367000001515
0.05598379399999942
0.05349950400000125
0.055960317999989684
0.053681865000001494
0.055876147000006426
0.05366455700000472
0.05598365699999874
0.05352804799998978
0.056017730999997184
0.053700886000001447
0.05593690199999912
0.05374906200000851
0.05623011000000133
0.053544878000010954
0.05622186700000498
0.05374630600000785
0.05597507999999607
0.05369774200001132
0.056018395999998916
0.05354408600000227
0.05601847100000157
0.05368791200000089
0.055871604999992996
0.053686475999995764
0.056040586999998254
0.05347592599999018
0.05599369800000886
0.053808842999998774
0.0559068649999972
0.05366955600000267
0.056038344999990386
0.053489685000002396
0.05606415999999115
0.05370152099999359
0.056051018000005115
0.053714941999999155
0.05607148300001086
0.05346911399999499
0.05604434900000399
0.053814431999995804
0.05591225199999883
0.05369533599998988
0.056167399000003115
0.05353318200000956
0.056052733000001354
0.05374098500000457
0.05587603899999749
0.05370312300000535
0.05616359500000101
0.053506781999999475
0.05600566200000401
0.05375577599998849
0.05598092099999974
0.053698507999996536
0.056155976999988866
0.05350914599999612
0.05602073100000382
0.053706465000004755
0.05590414399999588
0.05368749199999456
0.056042203000004065
0.05353845899999499
0.055988782000000015
0.05369107200000656
0.0558816180000008
0.05374190399999179
0.05611613199999965
0.053505062999988695
0.05602048299999751
0.053768488999992314
0.055975207000003024
0.05376540500000715
0.056068522000003895
0.053557139000005805
0.056072575000001734
0.05372971600000653
0.05597939100000815
0.053738957000007304
0.05607726700000626
0.053532943999996974
0.05611559999999827
0.053764267999994786
0.05593900899999937
0.053708442000001355
0.056086570000005054
0.053715363999998544
0.05609927000000425
0.05370850399999938
0.05597768300000894
0.05381989400000009
0.056140572000003885
0.05347145099999295
0.05600385500000016
0.05368284800000822
0.055993858999997315
0.053686538999997424
0.0560124129999906
0.05348841199999299
0.056088230000000294
0.05373396199999547
0.056021835999999325
0.053724287999997955
0.05605217100000459
0.05349911000000418
0.0560042540000012
0.05370959699999389
0.05593150800000046
0.053812434000008125
0.05607467499999075
0.05348115099999973
0.05604351000000918
0.05367859600001168
0.05599062400000321
0.05369007999999553
0.05604087100000754
0.05351865200000816
0.05597653400000979
0.05375641300000211
0.055964020000004666
0.05375986200000682
0.056160625999993385
0.05347172300000125
0.056114421000003745
0.05382705899999962
0.05602030100000377
0.05365280400000927
0.056049600999998006
0.053429417999993234
0.05595683199999257
0.05373256699999729
0.05587341099999321
0.0536590020000034
0.056021749999999315
0.053454419000004805
0.05597700200000588
0.05368071600000235
0.05583807200000024
0.05366615799999863
0.05608848299999636
0.05342382099999554
0.0560169419999994
0.053681811999993556
0.05585268400000132
0.05371150700000271
0.05601369299999703
0.05354259499999614
0.05597921700000086
0.05370453100000816
0.05595651399998758
0.0537083669999987
0.05604787100000408
0.053433905000005666
0.05598564299999964
0.0536776910000043
0.05587190100000328
0.05367284300000108
0.05609676900000693
0.05344091199999923
0.05603250100000423
0.05369666500000392
0.05589338999999427
0.05366106500000001
0.056057514000002584
0.05344902799998863
0.055982574000012164
0.0538637719999997
0.05591165799999942
0.05373062799999673
0.05601904499999932
0.05344055999999853
0.05597739700000659
0.053812647999990304
0.055893539999999575
0.05369967999999403
0.056030143000000976
0.053421333000002846
0.056022428000005675
0.05362574099999051
0.055867347000003065
0.05363264500000753
0.05609460899999874
0.053475614000007
0.055981345999995824
0.053682077000004824
0.05586133900000334
0.05376790599999026
0.056019434999996065
0.05342717999999991
0.05596175299999118
0.05371973500000138
0.05587922300000514
0.05367718200000127
0.05617817800001035
0.053442943000007403
0.055964968999987263
0.05365952600000412
0.05599195899999643
0.05373613100000796
0.056015332000001195
0.05346248200000048
0.05601944000000003
0.05368146499999682
0.055889188999998396
0.053683294000009596
0.05600803699999801
0.053462043999999764
0.05600149499998963
0.05385563900000534
0.055934146000012674
0.05371004799999923
0.056137940000013486
0.053729326999999216
0.0561048349999993
0.05374498400000505
0.05592368500001044
0.05372690800000157
0.056113238999998316
0.05367824400001098
0.05606155899999976
0.05380830100000367
0.05598072600000137
0.05373700100000178
0.0561032499999925
0.053641452000007916
0.056026379999991605
0.05373158500000841
0.05588976800000012
0.05363301399999898
0.056047925999990866
0.05367947799999229
0.05597058400000776
0.053728814999999486
0.05586499899999353
0.053679091999995876
0.05599154099999737
0.05365175400000055
0.05600200400000688
0.053667830000009076
0.055931602000001135
0.05366516600000182
0.05604349899999761
0.05362941500000318
0.05598777000000155
0.053704750000008517
0.055986676999992824
0.053733893999989846
0.05604533800000411
0.053662376999994876
0.05597481300000595
0.05373976200000641
0.055888056000000574
0.05364920199998835
0.056003584999999134
0.05366580699998735
0.056105592999998066
0.053655910999992784
0.05597392499998932
0.05366444699998851
0.05605890600000407
0.053588067000006845
0.056005368000001
0.05367090400000052
0.056007559999997625
0.05374173799999937
0.056071387000002915
0.05363694100000771
0.055980203999993705
0.053688026999992644
0.05589516800000638
0.05366347999999732
0.05605773899999633
0.05366826400000946
0.05598647800000833
0.053682679000004896
0.055895580000012046
0.05367089800000713
0.05601322600000458
0.05363194600001009
0.05598016900000857
0.053666852000006315
0.05588360600000897
0.0536483799999985
0.056099497999994696
0.053588935999997034
0.055997281999992765
0.05369670299999996
0.055898248000005424
0.053670804000006456
0.05601339400000427
0.05367168100001152
0.05598999200000776
0.053692854000004786
0.05592068700001107
0.05375495500000227
0.056032801999990056
0.05359112800000787
0.05599976800000661
0.05379094299999565
0.055911492000007
0.05369400299998972
0.05602220500000499
0.05358961700000009
0.056057056000000216
0.053723497000007114
0.05595920499999352
0.05371641300000363
0.0560231970000018
0.05357942499999524
0.056018202999993605
0.05367971500000124
0.05589301700000249
0.053737748000003194
0.05604079300000819
0.05369531299999153
0.055997191000003
0.053664148999999384
0.055966308000009235
0.05371127399999409
0.05606953099999146
0.05361947499999076
0.056079826000001276
0.053696798000004264
0.05598220099999196
0.05370875799999908
0.056115904999998634
0.053685009000005834
0.0560670870000024
0.053691641000000345
0.055926565000007145
0.05373379899999975
0.05602681800000653
0.053689511000001744
0.056006811000003154
0.05371897100000922
0.055950594000009346
0.05375381700000048
0.05604681699999503
0.05369866499999887
0.05605072899999186
0.05373304699999437
0.05597142599999927
0.05382474500000001
0.056059150999999474
0.05365911200000539
0.056149552999997354
0.05375811800000463
0.05591717400000107
0.05373490099999856
0.05606091500000332
0.05377440000000888
0.056036128999991774
0.05370454699999527
0.05587157300000456
0.053758015999989084
0.05606224099999224
0.05361314400001049
0.0560267040000042
0.053700563000006696
0.055998721999998224
0.05371215199998858
0.056083712999992485
0.05369344900000783
0.056084408000003805
0.0537726900000024
0.05599493100000075
0.0537417140000116
0.05608893000000137
0.05371494900001039
0.05605311800000834
0.05369444199999407
0.05592384999999922
0.05376575699999364
0.056015145000003486
0.05366989200000205
0.056019878000000745
0.053806913999991934
0.05587937399999987
0.05377769899999407
0.05604684399999371
0.053628552999995804
0.05599289399999918
0.05377437900000359
0.05595828100000233
0.053697922000012
0.056095987000006176
0.0537310830000024
0.056007644000004575
0.05368110199999876
0.05588329599999042
0.05368514199999197
0.05606200799999783
0.05371890800000756
0.056134836000012456
