6.819500000000006e-05
5.589500000000025e-05
5.62129999999994e-05
5.549400000000315e-05
5.4722000000000104e-05
5.446799999999502e-05
5.472100000000063e-05
7.938799999999968e-05
5.460000000000187e-05
5.4172000000005105e-05
5.464600000000541e-05
5.426299999999884e-05
5.4477999999996696e-05
5.460199999999388e-05
5.4238999999997595e-05
5.402499999999921e-05
5.415599999999965e-05
5.431000000000186e-05
5.3944000000000214e-05
5.439000000000138e-05
5.425200000000463e-05
7.045700000000293e-05
5.430599999999702e-05
5.3970000000000407e-05
5.3981000000001556e-05
5.399299999999524e-05
5.424000000000401e-05
5.409099999999917e-05
6.901200000000024e-05
5.422399999999855e-05
5.40769999999996e-05
9.831299999999571e-05
6.993199999999478e-05
5.588299999999963e-05
5.4102000000000317e-05
5.402899999999711e-05
5.386200000000174e-05
5.401099999999964e-05
5.405199999999888e-05
6.994100000000392e-05
5.437900000000023e-05
5.413699999999577e-05
5.375500000000255e-05
5.409700000000295e-05
5.400499999999586e-05
5.3977999999996196e-05
5.421900000000118e-05
5.427499999999946e-05
5.380800000000241e-05
5.417400000000405e-05
5.394499999999969e-05
5.83529999999971e-05
5.4242000000002955e-05
5.419300000000099e-05
5.4210999999998455e-05
5.4585000000002826e-05
5.397999999999514e-05
5.385599999999796e-05
5.402699999999816e-05
5.38749999999949e-05
5.3693999999999964e-05
6.944700000000026e-05
5.383000000000471e-05
5.3946999999998635e-05
5.424099999999654e-05
5.419900000000477e-05
5.409400000000453e-05
5.7703000000006166e-05
5.39739999999983e-05
5.4172000000005105e-05
5.413699999999577e-05
5.40919999999917e-05
5.397599999999725e-05
5.394799999999811e-05
5.390100000000897e-05
5.3867999999998584e-05
5.73160000000017e-05
5.3967000000001986e-05
5.381999999999609e-05
5.4685999999998236e-05
5.3718999999993744e-05
5.372600000000394e-05
5.395800000000672e-05
5.398600000000586e-05
5.385400000000595e-05
5.4004000000010266e-05
5.3756000000002024e-05
5.391400000000213e-05
5.403199999999553e-05
5.404999999999993e-05
5.376299999999834e-05
5.3865999999999636e-05
5.38529999999926e-05
5.8120999999994316e-05
5.442600000001019e-05
5.386400000000069e-05
5.398200000000797e-05
5.3891000000000355e-05
5.4078999999998545e-05
5.3752999999989726e-05
5.3642999999992114e-05
5.386899999999806e-05
5.394599999999916e-05
5.391400000000213e-05
5.418699999999721e-05
5.3697000000005324e-05
5.398199999999409e-05
5.4060000000008546e-05
5.371799999999427e-05
5.410499999999874e-05
5.409700000000295e-05
5.387599999999437e-05
5.399899999999902e-05
5.394300000000074e-05
5.3878999999992794e-05
5.414499999999156e-05
5.396299999999021e-05
5.399899999999902e-05
5.403800000000625e-05
5.3916000000001074e-05
5.382399999999399e-05
5.416499999999491e-05
5.43560000000054e-05
5.410799999999716e-05
5.412600000000156e-05
5.3953000000009355e-05
5.391800000000002e-05
5.385799999998997e-05
5.432099999999607e-05
5.3685999999997236e-05
5.397299999999883e-05
5.389900000001002e-05
5.377000000000853e-05
5.396600000000251e-05
5.362500000000159e-05
5.794199999999139e-05
5.405199999999888e-05
5.398800000000481e-05
5.3784000000001164e-05
7.102300000000339e-05
5.374399999999446e-05
5.397699999999672e-05
5.3906999999991934e-05
5.38749999999949e-05
5.385899999998944e-05
5.413399999999735e-05
5.429599999999535e-05
5.407500000000065e-05
5.433300000000363e-05
5.371000000001236e-05
5.409800000000242e-05
5.433799999998712e-05
5.609899999999002e-05
5.418499999999826e-05
5.446000000000617e-05
5.448499999999301e-05
5.4461000000005644e-05
5.4325999999993435e-05
5.4061999999993615e-05
5.877899999999492e-05
5.4185999999997736e-05
5.416000000001142e-05
5.3916000000001074e-05
5.42319999999874e-05
6.93900000000025e-05
5.40730000000017e-05
5.3967000000001986e-05
5.396000000000567e-05
5.424700000000726e-05
5.42129999999974e-05
5.433900000000047e-05
5.403599999999342e-05
5.389499999999825e-05
5.406900000000381e-05
5.3812000000000304e-05
8.0394999999997e-05
5.4165999999994385e-05
5.4213999999996876e-05
5.442299999999789e-05
5.3870999999997005e-05
5.414800000000386e-05
5.4050999999999405e-05
5.3992000000002704e-05
5.385799999998997e-05
5.809099999999623e-05
5.4322999999995014e-05
5.418999999999563e-05
5.419999999999037e-05
5.396200000000462e-05
5.404600000000204e-05
5.4127000000001035e-05
6.784099999999904e-05
5.414300000000649e-05
5.416600000000826e-05
5.445100000001091e-05
5.4019999999987967e-05
6.026200000000537e-05
5.4155000000000175e-05
5.3999999999998494e-05
5.4474999999998275e-05
5.458499999999589e-05
5.434799999999573e-05
5.4016999999989546e-05
5.37719999999936e-05
5.388099999999174e-05
5.4257000000002e-05
5.4019999999987967e-05
5.37160000000092e-05
5.397699999999672e-05
5.7764000000001814e-05
5.399599999998672e-05
5.4263999999998314e-05
5.430900000000238e-05
5.3898999999996144e-05
5.397099999999988e-05
5.37759999999915e-05
5.384199999999839e-05
5.3867999999998584e-05
5.410599999999821e-05
5.441800000000052e-05
5.407200000000223e-05
5.384300000001174e-05
5.386699999999911e-05
5.4312000000000804e-05
5.385599999999102e-05
5.4037000000006774e-05
5.419100000000898e-05
5.3961000000005144e-05
5.410100000000084e-05
5.407500000000065e-05
5.387199999999648e-05
5.3822999999994514e-05
5.4339999999999944e-05
5.936100000000777e-05
5.622399999999361e-05
5.7642999999996114e-05
5.45580000000101e-05
5.997100000000588e-05
5.547999999999664e-05
5.455000000000043e-05
7.386799999999083e-05
5.4339999999999944e-05
5.409200000000558e-05
5.465000000000331e-05
5.887000000000253e-05
5.427099999999463e-05
5.4332000000004155e-05
5.441800000000052e-05
5.4220000000007595e-05
5.421599999999582e-05
5.677400000000943e-05
5.5147000000005386e-05
5.446600000000301e-05
5.4492000000003205e-05
5.418899999999616e-05
7.731500000000835e-05
5.4102000000000317e-05
5.267800000000045e-05
5.398800000000481e-05
5.281699999999667e-05
5.417300000000458e-05
5.263800000000762e-05
5.4487000000005836e-05
5.3575999999999624e-05
5.423300000000075e-05
5.26760000000015e-05
5.362899999999948e-05
5.688399999999316e-05
5.353100000000943e-05
5.193800000000137e-05
5.379699999999432e-05
5.211899999998937e-05
5.345299999999498e-05
5.21170000000043e-05
5.387999999999227e-05
5.1908000000003285e-05
5.365000000000231e-05
5.213200000001028e-05
5.748399999999654e-05
5.25140000000035e-05
5.345400000000833e-05
5.181699999999567e-05
5.32970000000077e-05
5.212899999999798e-05
5.335599999999052e-05
5.2068000000002335e-05
5.3481000000007994e-05
7.570899999999325e-05
7.358100000000312e-05
5.232099999999407e-05
5.340900000000426e-05
5.214800000000186e-05
5.358499999999489e-05
5.198499999999051e-05
5.8168999999996807e-05
5.234499999999531e-05
5.336499999999966e-05
5.228200000000072e-05
5.3497999999999046e-05
5.180000000000462e-05
5.355599999999627e-05
5.206700000000286e-05
5.320699999999956e-05
5.19339999999896e-05
5.349100000000273e-05
5.210100000001272e-05
5.369899999999039e-05
5.198800000000281e-05
5.33780000000067e-05
5.194000000000032e-05
5.339500000001163e-05
5.180899999999988e-05
5.334700000000914e-05
5.229199999999545e-05
8.044000000000107e-05
5.234199999999689e-05
5.3550999999998905e-05
5.186099999998639e-05
5.973099999999343e-05
5.419599999999247e-05
5.43340000000031e-05
5.317800000000095e-05
5.4076000000000124e-05
5.262800000001289e-05
5.959000000001213e-05
5.2667000000006237e-05
5.4220000000007595e-05
5.715199999999088e-05
5.5904999999994986e-05
5.313399999999635e-05
5.4591000000006606e-05
5.323299999999975e-05
5.4444000000000714e-05
5.2905000000005864e-05
5.4008999999993756e-05
5.284099999999792e-05
5.4058999999995194e-05
5.2837999999999496e-05
5.398699999999146e-05
5.664999999999143e-05
5.439799999999717e-05
5.2667000000006237e-05
5.424900000000621e-05
5.281099999999983e-05
5.3929999999993705e-05
5.25580000000081e-05
5.394799999999811e-05
5.320100000000272e-05
5.404399999998921e-05
5.325800000000047e-05
5.3759000000000445e-05
5.324299999999449e-05
5.410499999999874e-05
5.2568000000002835e-05
5.3920000000012847e-05
5.260299999999829e-05
5.401900000000237e-05
5.236200000000024e-05
5.424900000000621e-05
5.285900000000232e-05
5.402499999999921e-05
5.265100000000078e-05
5.390300000000792e-05
5.574399999999646e-05
5.3908000000005285e-05
5.2800999999991216e-05
5.4113999999994e-05
5.273199999999978e-05
5.418799999999668e-05
5.2710999999996955e-05
5.4257000000002e-05
5.341700000000005e-05
5.407799999999907e-05
5.264800000000236e-05
5.3906999999991934e-05
5.2870999999996005e-05
5.361099999999508e-05
5.2547999999999484e-05
5.411199999999505e-05
5.268399999999729e-05
5.3971999999999354e-05
5.6540000000007695e-05
5.3880000000006145e-05
5.238899999999991e-05
5.422899999998898e-05
5.258099999999599e-05
5.395800000000672e-05
5.30549999999963e-05
5.437500000000928e-05
5.287199999999548e-05
5.415000000000281e-05
5.288500000000251e-05
5.385900000000332e-05
5.2557000000008625e-05
5.416700000000774e-05
8.579100000000173e-05
5.4136000000010176e-05
5.2894000000011654e-05
5.4317999999997646e-05
5.2956000000006775e-05
5.412000000000472e-05
5.263200000001078e-05
5.3939000000002846e-05
5.260499999999724e-05
5.39339999999916e-05
5.268899999999466e-05
5.408399999999591e-05
5.264900000000183e-05
5.3989000000004284e-05
5.285900000000232e-05
5.4065000000005914e-05
5.2959000000005196e-05
5.4164000000009316e-05
5.255900000000757e-05
5.406600000000539e-05
5.7277999999993945e-05
5.405799999999572e-05
5.3065000000004914e-05
5.390200000000844e-05
5.2624000000001114e-05
5.433900000000047e-05
5.278300000000069e-05
5.406900000000381e-05
5.280199999999069e-05
5.43309999999908e-05
5.258300000000882e-05
5.440400000000789e-05
5.270999999999748e-05
5.3652000000001254e-05
5.2561999999992115e-05
5.391800000000002e-05
5.2476000000009626e-05
5.4484000000007415e-05
5.288999999999988e-05
5.3756000000002024e-05
5.245700000000575e-05
5.390600000000634e-05
5.238899999999991e-05
5.3808999999988005e-05
5.24370000000024e-05
5.39150000000016e-05
5.246899999999943e-05
5.410600000001209e-05
5.258799999999231e-05
8.033700000001365e-05
5.276799999998083e-05
5.37539999999892e-05
5.246300000000259e-05
5.390299999999404e-05
5.2715999999980445e-05
5.4165999999994385e-05
5.316399999999444e-05
5.430599999997621e-05
5.268499999999676e-05
5.377699999997709e-05
5.216799999999133e-05
5.37349999999992e-05
5.253300000002126e-05
5.3714000000010254e-05
5.236499999999866e-05
5.397799999998232e-05
5.2280999999987365e-05
5.4184999999984385e-05
5.22530000000021e-05
5.368999999999513e-05
5.2600999999985465e-05
6.063900000000122e-05
5.5403999999981135e-05
6.0478000000002696e-05
5.3805999999989584e-05
5.481100000001571e-05
5.257499999999915e-05
5.5621000000005694e-05
5.30360000000063e-05
5.3784000000001164e-05
5.5976999999984844e-05
5.7238000000015e-05
5.300100000002472e-05
5.570699999998818e-05
5.358499999999489e-05
5.4439000000017224e-05
5.365200000001513e-05
5.932799999999738e-05
5.293000000000658e-05
5.5962999999992213e-05
7.459700000000957e-05
5.436899999999856e-05
5.3453000000008855e-05
5.4949999999998056e-05
5.272599999997518e-05
5.943199999999815e-05
5.3181000000013245e-05
5.4076000000014e-05
5.332799999999138e-05
5.5288999999986155e-05
5.282600000000581e-05
5.579800000002355e-05
5.3266999999995734e-05
5.42129999999974e-05
5.339699999998282e-05
5.5128999999987105e-05
5.267300000000308e-05
5.570899999998713e-05
5.289799999999567e-05
5.405799999999572e-05
5.3165999999993385e-05
5.473699999999915e-05
5.7226000000021315e-05
5.6610000000012484e-05
5.3101999999999316e-05
5.4437000000018276e-05
5.347699999999622e-05
5.507099999998988e-05
5.244700000001101e-05
5.5734000000001727e-05
5.2973000000011705e-05
5.42909999999841e-05
5.333900000001335e-05
5.542799999999626e-05
5.277200000000648e-05
5.57160000000112e-05
5.285999999998792e-05
5.45730000000022e-05
5.342599999999531e-05
5.518300000001419e-05
5.279299999999543e-05
5.559499999999162e-05
5.335100000000703e-05
5.4094999999976245e-05
5.7054000000000826e-05
5.513200000001328e-05
5.297100000001276e-05
5.621999999999572e-05
5.300799999999328e-05
7.160400000000289e-05
5.3277000000018226e-05
5.500099999999897e-05
5.232799999999038e-05
5.542599999999731e-05
5.288500000000251e-05
5.4746999999993884e-05
5.34150000000011e-05
5.514200000000802e-05
5.256200000000599e-05
5.5565000000007414e-05
5.300800000002104e-05
5.395699999999337e-05
5.311199999999405e-05
5.485100000002241e-05
5.253499999999245e-05
5.536400000000219e-05
5.3232999999985875e-05
5.4432999999992626e-05
5.34950000000145e-05
5.581100000001671e-05
5.309800000000142e-05
5.6010999999994704e-05
5.335000000000756e-05
5.460400000001364e-05
7.136399999999044e-05
5.574900000002159e-05
5.291099999998883e-05
5.549599999998822e-05
5.311200000002181e-05
5.430099999997884e-05
5.3325999999992435e-05
5.4925000000011215e-05
5.244499999998431e-05
5.558799999999531e-05
5.292400000000974e-05
5.414200000000702e-05
5.3469999999999906e-05
5.476700000001111e-05
5.2571000000001256e-05
5.545799999998047e-05
5.3125999999986684e-05
5.4325999999993435e-05
5.321599999999482e-05
5.863000000000396e-05
5.262099999997494e-05
8.134699999998163e-05
5.329400000000928e-05
5.4192999999980174e-05
5.331299999999928e-05
5.5099000000002896e-05
5.27600000000128e-05
5.541399999997587e-05
5.3076000000013e-05
5.4061999999993615e-05
5.356700000000436e-05
5.49370000000049e-05
5.2872999999981074e-05
5.548699999999296e-05
5.303900000000472e-05
5.3779000000003796e-05
5.287300000000883e-05
5.4718999999980866e-05
5.2791000000024235e-05
5.517499999999065e-05
5.317199999999023e-05
5.396699999998811e-05
5.3206000000000087e-05
5.505699999999725e-05
5.285100000002041e-05
5.525800000000247e-05
5.3397000000010575e-05
5.389199999999983e-05
5.8357000000008874e-05
5.4774999999979146e-05
5.2322999999993014e-05
5.501599999999107e-05
5.3274999999991524e-05
5.384900000002246e-05
5.3076000000013e-05
5.477800000000532e-05
5.2451999999980625e-05
5.5293000000011805e-05
5.29770000000096e-05
5.386099999998839e-05
5.3016999999988546e-05
5.478800000000006e-05
5.2839999999998444e-05
5.54739999999998e-05
5.332199999999454e-05
5.404700000000151e-05
5.2997999999998546e-05
5.464100000002192e-05
5.236999999999603e-05
5.517899999998854e-05
5.3395999999983346e-05
5.606700000002074e-05
5.395099999999653e-05
5.8752999999994726e-05
5.271800000000715e-05
5.5523000000001765e-05
6.637599999997912e-05
5.4599000000016273e-05
5.4021999999986914e-05
5.576600000001264e-05
5.338299999999019e-05
6.446199999998736e-05
6.946499999999078e-05
5.531899999999812e-05
5.3984000000006915e-05
5.560499999998636e-05
5.3095000000003e-05
5.95140000000105e-05
5.3279000000017174e-05
5.41200000000186e-05
5.354699999998713e-05
5.567100000000713e-05
5.28400000000262e-05
5.5411000000005206e-05
5.3317999999996646e-05
5.828299999999231e-05
5.3530999999995554e-05
6.482099999999269e-05
5.295500000002118e-05
7.32739999999843e-05
5.361100000000896e-05
5.4279000000018174e-05
5.340200000000794e-05
5.97600000000198e-05
5.2634999999995324e-05
5.557400000000268e-05
5.3384999999989136e-05
5.397200000001323e-05
7.079100000001448e-05
5.503999999997844e-05
5.2603999999983886e-05
5.569999999999187e-05
5.3304000000004015e-05
5.4132999999984e-05
9.826699999998523e-05
5.512300000001802e-05
5.3122000000016545e-05
5.571499999998397e-05
7.135099999999728e-05
5.4333000000017506e-05
5.35329999999945e-05
5.492600000001069e-05
5.248799999998943e-05
5.539799999998429e-05
5.333500000001545e-05
5.465900000001245e-05
6.811699999997867e-05
5.509699999997619e-05
5.271800000000715e-05
5.536899999999956e-05
5.3229999999987454e-05
5.4263999999998314e-05
5.329500000000875e-05
5.5232999999987875e-05
5.2603999999983886e-05
5.537199999999798e-05
5.3493000000015556e-05
5.427999999998989e-05
7.503899999999897e-05
5.526499999999879e-05
5.865200000002013e-05
5.427600000001975e-05
5.429399999998252e-05
5.267299999997532e-05
5.682199999998416e-05
5.2925000000009215e-05
5.4170999999991754e-05
5.24150000000001e-05
5.439000000001526e-05
5.2920000000011846e-05
5.442599999999631e-05
5.289499999999725e-05
5.425000000000568e-05
5.278200000000122e-05
5.448600000002024e-05
5.2895999999996723e-05
6.017899999999354e-05
5.379999999999274e-05
5.465899999998469e-05
5.256900000000231e-05
5.3946999999998635e-05
5.747600000000075e-05
5.4328999999991856e-05
5.281100000001371e-05
5.3690000000022886e-05
5.280100000001897e-05
5.392499999998246e-05
5.283100000000318e-05
5.38719999999826e-05
5.2987000000004336e-05
5.405799999999572e-05
5.275199999998925e-05
5.369999999998987e-05
5.252399999999824e-05
5.362300000000264e-05
5.254000000001757e-05
5.3648999999988956e-05
5.212199999998779e-05
5.366099999998264e-05
5.5058000000024476e-05
5.6526000000001186e-05
5.64929999999908e-05
5.549700000001545e-05
5.8746999999997884e-05
5.471999999998034e-05
5.288400000000304e-05
5.414800000000386e-05
5.311300000002128e-05
5.434099999998554e-05
5.279599999999385e-05
5.4257000000002e-05
5.314800000000286e-05
5.4201999999975436e-05
5.265400000001308e-05
5.3797999999993795e-05
5.274099999999504e-05
5.378500000000064e-05
5.278200000000122e-05
5.393200000000653e-05
8.591999999998934e-05
5.464999999998943e-05
5.2890999999999355e-05
5.392700000000916e-05
5.297400000001118e-05
5.416099999999702e-05
5.242900000002049e-05
5.410000000000137e-05
5.2558999999979816e-05
5.3891000000000355e-05
5.277700000000385e-05
5.4224999999991086e-05
5.26760000000015e-05
5.406399999999256e-05
5.301900000001525e-05
5.413800000000912e-05
5.274399999999346e-05
5.4077999999985193e-05
5.264999999998743e-05
5.406500000001979e-05
5.2673999999974797e-05
5.3867999999984706e-05
5.286700000001199e-05
5.393200000000653e-05
5.2656999999983745e-05
5.4493000000016556e-05
5.7117999999994895e-05
5.400099999999797e-05
5.272600000000294e-05
5.399400000000165e-05
5.27349999999982e-05
5.4008999999993756e-05
5.248199999999259e-05
5.413599999998242e-05
5.298800000000381e-05
5.439199999998645e-05
5.279699999999332e-05
5.405999999999467e-05
5.2754000000015955e-05
5.381799999998327e-05
5.267899999999992e-05
5.3883000000004566e-05
5.267400000000255e-05
5.77139999999865e-05
5.2499999999983116e-05
5.4186000000011614e-05
5.277099999997925e-05
5.3989999999976e-05
5.290399999999251e-05
5.4352000000007505e-05
5.3069999999988404e-05
5.4058999999995194e-05
5.276400000001069e-05
5.3959000000020074e-05
5.287500000000778e-05
5.403000000001046e-05
5.2746999999991884e-05
5.429800000000817e-05
5.294599999999816e-05
5.3867999999984706e-05
5.6888000000004935e-05
5.371799999998039e-05
5.277700000000385e-05
5.406699999999098e-05
5.263299999999638e-05
5.404700000000151e-05
5.282800000000476e-05
5.413100000001281e-05
5.2709000000011885e-05
5.445399999998157e-05
5.26170000000048e-05
5.394000000000232e-05
5.261200000000743e-05
7.450600000000196e-05
5.66760000000055e-05
5.4117999999991895e-05
5.2619000000003746e-05
5.3861999999987864e-05
5.224300000000737e-05
5.350500000000924e-05
5.2251000000003156e-05
5.341700000000005e-05
5.229100000000986e-05
5.362600000000106e-05
5.223200000001316e-05
5.353499999999345e-05
5.8813000000018656e-05
5.4821000000010445e-05
5.2864999999985285e-05
6.052900000000361e-05
5.499299999997542e-05
5.508499999998251e-05
5.3358999999975065e-05
5.458099999999799e-05
5.32129999999964e-05
5.407500000001453e-05
5.3210999999997455e-05
5.4558999999981816e-05
5.2939000000001846e-05
5.414600000000491e-05
5.307899999998367e-05
5.865799999998922e-05
7.043599999997929e-05
5.43159999999987e-05
5.276300000001122e-05
5.371199999998355e-05
5.2906999999990934e-05
5.4328999999991856e-05
5.27160000000082e-05
5.397799999998232e-05
5.2811999999985426e-05
5.424700000000726e-05
8.329799999998166e-05
5.379899999999327e-05
5.67750000000089e-05
5.412700000001491e-05
5.27600000000128e-05
5.401799999998902e-05
5.3111000000022335e-05
5.4184999999984385e-05
5.261800000000427e-05
5.404600000000204e-05
5.271100000001083e-05
5.378600000000011e-05
5.277100000000701e-05
5.421499999999635e-05
5.273400000002648e-05
5.430900000000238e-05
5.2867999999983706e-05
5.393800000000337e-05
6.949000000000538e-05
5.4277999999990945e-05
5.2367999999997084e-05
5.400399999999639e-05
5.2608000000009536e-05
5.8131999999988526e-05
5.285999999998792e-05
5.444699999998526e-05
5.261599999997757e-05
5.4048000000000984e-05
5.276600000000964e-05
5.435800000000435e-05
5.300499999999486e-05
5.845200000001438e-05
5.252099999999982e-05
5.3813000000013655e-05
5.280499999998911e-05
5.401199999999218e-05
5.2563000000005466e-05
5.3827000000006286e-05
5.266000000000992e-05
5.392300000001127e-05
5.2571000000001256e-05
5.400999999999323e-05
5.274299999999399e-05
5.3818000000011024e-05
5.229799999997842e-05
5.397900000000955e-05
5.282000000000897e-05
5.42129999999974e-05
5.280699999998806e-05
0.00010470300000001154
5.279000000002476e-05
5.42319999999874e-05
5.2939000000001846e-05
5.413099999998505e-05
5.2796000000021603e-05
5.393000000000758e-05
5.290200000002132e-05
5.411999999999084e-05
5.268999999999413e-05
5.386300000001509e-05
5.282899999997648e-05
5.423600000001305e-05
5.461400000000838e-05
5.5971999999987476e-05
5.492100000001332e-05
5.343099999999268e-05
5.5307000000004436e-05
5.258599999999336e-05
9.215300000001148e-05
5.34360000000178e-05
5.407199999998835e-05
5.301100000001946e-05
5.502599999998581e-05
5.571300000001278e-05
5.756999999997903e-05
5.411000000002386e-05
5.4259000000000945e-05
5.315100000000128e-05
5.554299999999124e-05
5.275199999998925e-05
5.513200000001328e-05
5.38780000000072e-05
5.4416000000001574e-05
5.3101999999999316e-05
5.543300000002138e-05
5.257499999999915e-05
5.5165999999995385e-05
7.562600000002306e-05
5.431999999999659e-05
5.333899999998559e-05
5.512399999998974e-05
5.3013999999990125e-05
5.55770000000011e-05
5.3707999999985656e-05
5.4096000000003475e-05
5.309700000000195e-05
5.88150000000176e-05
5.2813000000012655e-05
5.464600000001929e-05
5.333400000001598e-05
5.380900000001576e-05
5.26509999999869e-05
5.505699999999725e-05
5.286800000001146e-05
5.513800000001012e-05
5.334800000000861e-05
5.391900000001337e-05
5.296100000001802e-05
5.494500000000069e-05
5.271800000000715e-05
5.517899999998854e-05
5.335100000000703e-05
5.459999999998799e-05
5.772100000001057e-05
5.507000000001816e-05
5.242200000002417e-05
5.501900000001725e-05
5.346500000000254e-05
5.399300000000218e-05
5.305699999999525e-05
5.519999999997749e-05
5.288400000000304e-05
5.4995999999973844e-05
5.326599999999626e-05
5.404600000000204e-05
5.325400000000258e-05
5.5400999999982714e-05
5.620200000000519e-05
5.528400000001654e-05
5.3432999999991626e-05
