0.055240453999999994
0.05526898499999999
0.055277224999999985
0.05538565200000001
0.05533860700000004
0.055000398000000006
0.055235492
0.055182951999999896
0.05524256299999997
0.05530261199999997
0.055325438999999976
0.05519832700000005
0.05522427899999993
0.05486852599999992
0.054695139999999975
0.05496610099999999
0.054937454000000274
0.05469084800000035
0.054901403999999765
0.05503410399999975
0.05474913300000006
0.05523261600000007
0.05496346400000007
0.05473548099999981
0.05494417600000023
0.054917389999999955
0.05478410999999994
0.055062207999999835
0.0548199140000003
0.05480864100000016
0.055055093
0.054884178000000006
0.05472725299999981
0.05491296300000004
0.05481790999999969
0.05464145899999995
0.05492282800000048
0.05482641700000013
0.054826013999999645
0.054949569000000587
0.05490417899999933
0.05475384799999983
0.0551067999999999
0.05493748299999979
0.05473410299999948
0.05502644400000012
0.054834202999999526
0.05484391900000052
0.05495235599999937
0.05483065499999995
0.054740202000000515
0.05516958200000044
0.05481703899999957
0.054753437999999655
0.054918148999999694
0.05488923400000001
0.05469836299999997
0.054951690999999414
0.05518017599999947
0.05478007600000012
0.055081029000000115
0.05493581500000033
0.054884171000000315
0.05500972900000001
0.05477889300000083
0.05479392700000041
0.0549857040000008
0.05485705000000074
0.05481562999999934
0.055185594000000115
0.054953056000000444
0.05479152900000095
0.05495732600000025
0.05488403499999883
0.05510648400000129
0.055058527999999995
0.054959606000000605
0.05500538899999974
0.05499182800000035
0.05481495100000089
0.05480213999999961
0.055160418999999905
0.05493594900000076
0.054659718999999996
0.054914767999999725
0.05481807599999833
0.05467114400000028
0.05498567200000082
0.054808003999999855
0.05478600400000033
0.05496957100000088
0.054811910999999824
0.0547049709999996
0.05502071300000111
0.05484961300000002
0.054719609999999363
0.05503227700000046
0.05487753699999942
0.054788188000001625
0.05504804700000143
0.05485659300000023
0.054703845000000584
0.05498466799999946
0.05487169600000108
0.05474413700000014
0.05518926599999929
0.054799895000000376
0.054839139999998565
0.05490003799999954
0.054887499999999534
0.054779357999999334
0.055092203999999256
0.05489619599999962
0.05481078400000072
0.05497638200000132
0.0548768829999986
0.05479236000000043
0.05493815800000057
0.05491102800000114
0.05478932600000164
0.054978880000000174
0.054834961999999265
0.054858385000001064
0.05498388200000015
0.054921239000000455
0.054789525999998645
0.054909346000000525
0.05488614900000144
0.05471456799999963
0.05509773200000012
0.054883432000000454
0.05530324400000097
0.055238878000000824
0.054876658999999606
0.054804067000000956
0.05503345800000048
0.054887786000000105
0.054829446999999476
0.055046053999999955
0.05493733299999981
0.054816661000000266
0.05493742200000007
0.05478020500000014
0.05472987399999951
0.05489820099999676
0.054860162000000656
0.054829506000000805
0.05493404799999979
0.054917371000001935
0.05498870299999936
0.05513388099999972
0.054866410999999005
0.05472987799999984
0.05499359500000267
0.05481915700000073
0.05477928299999846
0.0540397389999967
0.05639880900000094
0.054853382999997535
0.0562765160000005
0.056386306000000275
0.05495032900000041
0.05643589099999957
0.05653283299999856
0.055082463000001525
0.05629734899999761
0.05660310500000065
0.05660258600000034
0.05630224900000158
0.056342061999998805
0.054860938999997444
0.05624332800000076
0.056520063999997205
0.05483100700000065
0.056252444999998374
0.05621799999999766
0.054912141999999164
0.05712564899999961
0.05637006699999958
0.05487557800000076
0.05627627199999807
0.056344063000000943
0.055283366000001166
0.0567254900000016
0.05640315300000154
0.05506428099999994
0.05637606800000228
0.056353551000000834
0.05494517400000021
0.05629541499999746
0.057100824000002603
0.05491398200000219
0.0562520279999994
0.05630369900000076
0.055163830999998
0.05633203700000067
0.056398554000001155
0.05488941599999819
0.056401086000001044
0.05636624199999929
0.05494795899999971
0.05629342299999962
0.05643215500000309
0.05493345000000005
0.05634177199999968
0.056498562999998114
0.05486269300000046
0.056356035999996834
0.056807989999999364
0.05533992400000187
0.05644502299999843
0.05652486199999984
0.05573909900000018
0.0566860680000012
0.05640790600000045
0.05529835000000105
0.05737940599999902
0.05670481299999963
0.054878330999997615
0.05638242999999932
0.056497016000001565
0.05495923799999858
0.05686521500000197
0.05630846099999687
0.05485284899999954
0.056450810999997714
0.0565536040000012
0.055057836000003135
0.05622936299999992
0.056462009000000535
0.05503308299999787
0.05684289300000245
0.056508632999999975
0.05511818999999818
0.056445140999997534
0.056307085000000257
0.054802324999997154
0.056233626000000925
0.05641998299999784
0.05547273699999877
0.056344967000001134
0.05640762499999852
0.05475903399999993
0.05624683899999994
0.05640560599999844
0.054816331000001384
0.056306031999998396
0.05639469400000152
0.05488880200000068
0.056342472000000754
0.05635522700000095
0.05506787599999896
0.0565390280000031
0.0564320390000006
0.05493252200000143
0.05645459599999825
0.05651556199999774
0.053939499000001945
0.056441996000000216
0.053158780000000405
0.05640070899999827
0.05424705600000124
0.05488267699999838
0.053988588000002835
0.05653512800000016
0.05319761100000164
0.05629083800000245
0.05422477600000164
0.054939178999998006
0.053883100000000184
0.056412557999998114
0.05326659099999986
0.05634414000000021
0.05404833300000078
0.054920889000001694
0.05396026599999715
0.056441316000000796
0.05317201500000124
0.056349024999999386
0.0543152799999973
0.05506887599999999
0.054116681
0.056530167999998326
0.05316240900000224
0.056384606999998255
0.05411748400000249
0.05496369300000126
0.054009443999994744
0.05662262100000248
0.05332245900000032
0.056304619999998806
0.05410166400000094
0.05487005100000175
0.054033600999993325
0.05647692299999818
0.05327070299999548
0.05639864500000158
0.05407666500000374
0.055017290999998636
0.054104752000000644
0.05634272999999723
0.05317232100000524
0.05643649599999634
0.05409665100000183
0.05486879399999367
0.053943732000000466
0.056335557000004144
0.05326897900000205
0.05690022299999953
0.0542304959999953
0.05487242699999939
0.054004161000001716
0.05644817000000302
0.053221985999996946
0.05646073300000154
0.05433634500000295
0.05508563900000496
0.05400232199999522
0.056568731999995236
0.05312443200000416
0.056353282999999976
0.054254735999997195
0.05538600999999943
0.05395059199999963
0.05654668400000418
0.05336554899999868
0.05671900600000157
0.05415736500000179
0.055037150000003976
0.05429078900000661
0.0563743259999967
0.05316532900000226
0.056206314000000646
0.0541483009999979
0.054976649000003874
0.05402660300000406
0.056331722999999556
0.05317945099999832
0.056616541000003906
0.05412645199999844
0.054898459999996874
0.05410273600000437
0.05634873099999993
0.05334431400000028
0.05626924799999955
0.05426462799999854
0.05480741800000288
0.061662772999994786
0.05639136900000352
0.05321547100000146
0.05634395999999953
0.05412910999999809
0.054838437000000795
0.05395803900000118
0.05637936499999796
0.053233112000000915
0.05643665700000611
0.05423285900000252
0.05482815500000271
0.05421347900000484
0.056277743000002545
0.05333561100000139
0.05645155599999896
0.05425491599999788
0.05489190600000171
0.05413405700000595
0.0563037629999954
0.05314370799999324
0.05621911100000432
0.05404688200000152
0.05482275700000372
0.05393845999999769
0.056419980999997676
0.05314146900000338
0.05633366300000375
0.054119540999998605
0.054801756999999895
0.05399206300000259
0.05390089800000197
0.054826358999996216
0.05420947700000056
0.056426322000000084
0.053043603999995526
0.05642808099999996
0.05396355799999952
0.0549723349999951
0.05410000300000206
0.05640732900000245
0.053116388999995934
0.05629785900000428
0.05396611100000115
0.054913905999995904
0.05408540100000181
0.05641894099999689
0.053131267999994236
0.056373135999997714
0.05419674699999888
0.05490561200000599
0.054446112999997354
0.0564753750000051
0.05333657899999622
0.05651614599999988
0.05410538900000006
0.05499669599999635
0.054078877999998554
0.05631187800000248
0.053094858000001466
0.056308264999998414
0.05416814400000192
0.0548486889999964
0.0540707359999999
0.05637751400000468
0.05311641399999445
0.05638325399999644
0.054012936999995986
0.05489931700000028
0.054123506999999904
0.05651742499999557
0.05317638400000391
0.05651503300000371
0.05407151899999718
0.054901200999999844
0.054105652000004056
0.056252761999999734
0.05324992099999548
0.05634954500000333
0.05395920999999504
0.05494537600000626
0.05409076200000129
0.0564387470000014
0.053109113999994406
0.056312691999998776
0.05424412400000023
0.054902375999994035
0.05413124999999752
0.056417928999998423
0.05308351200000061
0.0562363979999958
0.05415401199999792
0.05486718400000257
0.0541899170000022
0.056426961999996195
0.053119809999998324
0.05678033499999913
0.054125659000000326
0.054885386000002256
0.05421789500000074
0.05632694599999866
0.05327729900000122
0.056373542999999415
0.05405868200000441
0.05539154299999893
0.054224301999994395
0.05716150300000322
0.05332791700000428
0.056410951000003706
0.054383199000000104
0.054984654000001854
0.05410011000000026
0.05628249099999749
0.05326891099999642
0.05649759900000362
0.05408272200000397
0.054883665999994946
0.05412178299999937
0.05650238900000204
0.0531420020000013
0.05622463799999622
0.05394785600000063
0.05505555699999576
0.05413578200000302
0.05629282000000302
0.053032770000001506
0.05633733399999841
0.05406190400000099
0.05496829000000503
0.05424043700000425
0.05631078899999409
0.05303595499999858
0.05635674200000551
0.054268246999995995
0.05477870800000062
0.054062606999998764
0.05630744999999848
0.05325084500000088
0.056230085999999346
0.05404123900000002
0.05488556000000244
0.054141920000006394
0.056216100999996854
0.05313167100000271
0.05628833500000496
0.05393336899999923
0.0548664200000033
0.0541094909999984
0.056346439000002135
0.053085101000000634
0.05625019300000389
0.05394964300000282
0.05490054100000208
0.05418036399999693
0.05648093300000312
0.05317999100000037
0.05626175899999453
0.0540140940000029
0.054746014000002674
0.05410926800000482
0.056347944000002315
0.05333776500000198
0.05639330199999648
0.05398242399999731
0.05486394799999772
0.05406139899999829
0.05623857899999507
0.05304762300000476
0.056334632000002216
0.053958313999999064
0.05489666199999732
0.05413493000000358
0.05627042599999754
0.05318862300000404
0.05640260899999561
0.05408477099999942
0.054871916000003296
0.054078057999994655
0.0562839050000008
0.05327483399999977
0.05629932000000082
0.05404664499999967
0.05499544099999554
0.05435306599999734
0.056367760000000544
0.05319346699999983
0.05625084700000116
0.053981681999999864
0.05475807799999899
0.05404887099999911
0.05633807699999949
0.053068819000003487
0.056243951999995545
0.05393632399999859
0.05486055600000128
0.05412219000000107
0.05633914499999548
0.05310238200000583
0.05632547999999815
0.05403113999999931
0.05493353299999626
0.054149190000003955
0.0564455559999999
0.05307456599999938
0.05635255600000022
0.053976264000006324
0.05495525599999951
0.0541510950000017
0.056218714999999975
0.05304998199999744
0.05640586099999467
0.053910895999997877
0.05476234300000016
0.054046339999999304
0.056263438000002
0.05300673400000022
0.05628014799999903
0.0539195509999999
0.05480232299999699
0.05402106900000092
0.0561921620000021
0.05299757499999913
0.05629606800000175
0.05404422700000566
0.05480755699999662
0.05415672200000188
0.056318597999997166
0.05309197599999749
0.05629293399999824
0.05398649900000407
0.05499650899999864
0.05431063499999311
0.056384136999994894
0.053100565999997684
0.05629271599998731
0.05401130100000273
0.05476473900000656
0.05410443799999598
0.05620748999999137
0.052985892999998896
0.05625976299999991
0.05392866900000115
0.054763909999991256
0.054102318999994736
0.05617274600000144
0.05304873299999713
0.05630571999999745
0.05400933200000679
0.054812295999994376
0.05406088799999509
0.05477883999999733
0.05303717599998947
0.05668841099999611
0.05357886599999517
0.05496558600000867
0.05393858400000795
0.0559966830000036
0.05309075699999255
0.05669055199999207
0.053688622999999325
0.054936148999999546
0.05397022699999354
0.05603931599999612
0.05308607899999629
0.05654304899999829
0.053572117999991065
0.05501736299999038
0.05395664399999589
0.05619452700000238
0.05306833500000607
0.056674266000001694
0.05360986199998763
0.055001946999993834
0.054564088999995874
0.056038403999991715
0.05311478599999475
0.056669593999998824
0.05388107999999647
0.0549609019999906
0.05392104800000652
0.05619493300000045
0.05306890600000713
0.05670451100000662
0.053674262999990674
0.05509339099999977
0.05402803300000869
0.05617288700000245
0.05312501099999167
0.05670061600000054
0.053724583999994024
0.05506747700000858
0.05391127800000106
0.05601759500000014
0.05302225400001248
0.05655033399999354
0.053627558000002296
0.054943049999991445
0.05394537600000149
0.05606928299999936
0.05304334699999913
0.05665259500000275
0.05367132499999627
0.054894150000009745
0.05397205199999178
0.056009707000001185
0.0530790959999905
0.05669275900000059
0.05362050899999815
0.05498728099999539
0.05391042000000823
0.05615390699999523
0.05302519699999664
0.05665490900000236
0.053641102000000274
0.05494420299999092
0.05404281300000946
0.05605279600000301
0.0530683789999955
0.05654817499998899
0.05358584600000427
0.05505539799999326
0.05394252800000743
0.05610548700001061
0.0530676810000017
0.05674660799999742
0.05359002400000179
0.054909534000003646
0.05388533900000425
0.056198132000005785
0.05303658599999039
0.056601905000007946
0.05362499199999604
0.055050526000002264
0.05397938900000554
0.05605324600000472
0.05320396000000471
0.056689159000001155
0.05375071100000639
0.05492042399998809
0.0539633520000109
0.05605775399999402
0.0529963590000051
0.056579456999998
0.05364557900000477
0.05494134900000347
0.054001290999991625
0.056279913999986775
0.053052793000006204
0.056627803999987236
0.05376597199999367
0.054940518999998744
0.054001995999996666
0.05612979800000062
0.053154302000010034
0.056772229999992874
0.05363662199999908
0.05505863300000158
0.053998237000001836
0.05613116399999285
0.05302775299999496
0.056631007000007116
0.05364677800000095
0.05498880999999756
0.0540024499999987
0.05611951400000237
0.05309334699998658
0.05662596399999131
0.053665996000006544
0.054985453999989886
0.054038360000006946
0.0561571559999976
0.05314330499999187
0.0566596689999983
0.05367838399999414
0.05504224099999533
0.05393774800000983
0.056184260999998514
0.05305538000000354
0.056776413999998
0.0537064819999955
0.054946639000007735
0.0540549819999967
0.056159578999995574
0.05315748900000017
0.05664409599999942
0.053590966999991
0.054919307999995226
0.05393212399999925
0.05618097100000341
0.05301161699999568
0.05667042800000388
0.0536723019999954
0.0550311679999993
0.05400168299999564
0.056110595000006924
0.05301253599999711
0.05658835199999146
0.05372416900000587
0.05492338999999902
0.05399981000000764
0.056026258000002827
0.053079883999998856
0.0566164950000001
0.05350781799999993
0.05489933899998789
0.05395357099999387
0.05605090000000246
0.05302698200000577
0.0565773360000037
0.0535682109999982
0.05510392700000466
0.053913262999998324
0.05615325599998755
0.05332136999999193
0.05659028299999136
0.053578877999996166
0.05513159499999176
0.0539363670000057
0.05613017199999604
0.05315653399999576
0.05710505399999022
0.053637522999991916
0.05493089099999793
0.05390390300000547
0.05605691200000251
0.05313291400000253
0.05668519800001093
0.053656787999997846
0.055067563999998015
0.05410695599999826
0.056201027999989606
0.05319317100000376
0.056702792999999474
0.053585842000003936
0.05498391099999367
0.05414529099999754
0.05620653199999026
0.05362226199999043
0.056690822999996726
0.05376354999999933
0.05491026800000043
0.054010915999995746
0.05610046900000043
0.053154413000001455
0.056590541999995025
0.05381640399998844
0.05493722900000364
0.05386066100000164
0.055999428999996326
0.05312394199999915
0.05653803099998811
0.05353502399999854
0.05500026200000718
0.053949658000007616
0.056161471999999435
0.05299215099999799
0.05658836400000666
0.05365491700000291
0.0550413739999982
0.053912163000006785
0.05605547199999705
0.05302735899999789
0.05669916700000499
0.05362111600000219
0.05499895699999513
0.05402721699999802
0.05622858899999983
0.05303996199999972
0.05662433199999839
0.05358142700001167
0.05498650100000191
0.05271686199999692
0.0537031829999961
0.05500539000000515
0.05406969300000242
0.05470974299998943
0.0540932349999963
0.054865839000001415
0.0536265390000068
0.05499432700000284
0.05417810900000575
0.05472549099999924
0.05398418199999355
0.05505753100000277
0.053781928000006474
0.05497264500000654
0.05403940400000806
0.05470351200000323
0.05397566099999551
0.05487068800000827
0.05366423600000303
0.05514559499999905
0.05419100400000332
0.054725226999991605
0.05392027599999949
0.05482179199999848
0.05365441899999723
0.05491769099999999
0.05405930899999589
0.0547057819999992
0.05387593400000412
0.054910548000009385
0.053633305000005294
0.05497370199999807
0.054060515000003306
0.05472143600000834
0.05389300800000285
0.05488437000001056
0.053648906999995916
0.05496349899999586
0.054026034000003165
0.05468506699999409
0.05397746599999209
0.05485774899999285
0.05365989100000945
0.05495122799999308
0.05405535699999575
0.05469315199999869
0.053878734999997846
0.05477245100000516
0.05376932900000497
0.05492417699998953
0.05404428199999245
0.05466531300000099
0.05389048899999693
0.054770301000004906
0.053643875999995316
0.05495978100000798
0.05399771999999814
0.054721309000001384
0.0539225010000024
0.05475503499999945
0.05364772899999082
0.05491043099999615
0.054039437000000135
0.054893811999988884
0.053924093000006224
0.05484870499999772
0.05373409399999218
0.05491874300000177
0.05411593799999537
0.05468107100000452
0.053916651999998066
0.0548038410000089
0.05360531600000229
0.054905810999997584
0.05399832700000218
0.06485861699999873
0.05397821699999383
0.05484296999999572
0.053636904000001095
0.05491125400000385
0.054036400000001095
0.0546866859999966
0.05386643899998944
0.05483609799999556
0.053684188000005406
0.05509415500000614
0.05423655399999916
0.05482559800000786
0.05402014000000577
0.05495509200000015
0.053760609999997655
0.054888316999992526
0.05399295499999823
0.054690043000007904
0.053891109999995024
0.05478411999999366
0.053714458999991166
0.05493156999999371
0.054050821000004134
0.054675704000004544
0.053910782000002655
0.054846269999998754
0.053658546999997725
0.054965587000012306
0.05408507100000293
0.054759266000004914
0.05395002999999576
0.05476076099999716
0.05361675000000332
0.05506381200000021
0.0541607929999941
0.054864698999992356
0.054338704000002735
0.05493670799999961
0.053773590999995236
0.05494818200000395
0.054119623999994815
0.05477392199999542
0.05388611600000104
0.05477305400000887
0.05363334400000497
0.055096452000000795
0.054138480000005984
0.05470801399999914
0.05390401000001077
0.054806082000013134
0.05370045700000503
0.05495716300001163
0.0540724039999958
0.05472700600000735
0.053900389000006044
0.05479908899999941
0.053854107999995904
0.05506725899999765
0.05406043499999669
0.054725030000000174
0.05396486300000447
0.05488380299999562
0.053801841000009176
0.05500857999999198
0.05415070599998728
0.05478739500000529
0.05397457399999439
0.05487360400000796
0.05372475299999735
0.055068430999995144
0.05412689700000328
0.05486217199999999
0.05406950500000107
0.0549468399999995
0.05365423899999655
0.05489363600000274
0.05406787699999427
0.05483057799999358
0.053960334999999304
0.05487219700000878
0.05379583599999194
0.055007163999988506
0.05415229899999474
0.05481134000000054
0.05392660999999066
0.05487236500000847
0.05366867200000058
0.05494746499999792
0.054027611999998726
0.05478953600000125
0.05389955600000462
0.05480925400000558
0.053708631000006335
0.05498131800000294
0.05402046000000382
0.05469080099999246
0.05399457200000768
0.05496263299998816
0.053660606000008215
0.05511517700000468
0.05403840999998977
0.05469725899999389
0.053933125999989784
0.05481444599999463
0.053669186000007585
