6.532800000000338e-05
5.9501999999996e-05
5.767300000000114e-05
6.341099999999933e-05
5.67129999999999e-05
5.687900000000273e-05
5.667000000000172e-05
5.6609999999998606e-05
5.6689000000005596e-05
5.7536999999996397e-05
5.656899999999937e-05
5.6904999999995987e-05
5.666099999999952e-05
5.647899999999817e-05
5.635899999999888e-05
5.645900000000176e-05
8.339300000000105e-05
5.709699999999901e-05
5.711200000000499e-05
5.66229999999987e-05
5.662300000000564e-05
5.6772999999996077e-05
5.670400000000464e-05
5.641699999999611e-05
5.638700000000496e-05
5.7190999999998104e-05
5.657399999999674e-05
5.6590000000002194e-05
5.6478000000005635e-05
5.6620999999999755e-05
5.7002999999999915e-05
5.67629999999944e-05
6.248100000000312e-05
5.669900000000033e-05
5.674299999999799e-05
5.655300000000085e-05
5.6468999999996494e-05
5.8024999999996274e-05
5.707499999999671e-05
6.212800000000157e-05
5.696799999999752e-05
5.666099999999952e-05
5.664999999999837e-05
5.6405000000002425e-05
5.6447000000001135e-05
5.637199999999898e-05
5.6392999999994864e-05
5.638300000000013e-05
5.650799999999678e-05
5.658899999999578e-05
5.6500000000000994e-05
5.727299999999658e-05
5.679299999999943e-05
5.641200000000568e-05
5.6340000000001944e-05
5.6572999999997264e-05
5.6169000000001745e-05
5.6159999999999544e-05
5.688300000000063e-05
5.631000000000386e-05
5.629699999999682e-05
5.715299999999729e-05
5.6526000000001186e-05
5.649900000000152e-05
5.650700000000425e-05
5.633099999999974e-05
5.6538999999994344e-05
5.635900000000582e-05
6.18479999999963e-05
5.63160000000007e-05
5.636500000000266e-05
5.6287000000002085e-05
5.677699999999397e-05
5.652099999999688e-05
5.650699999999731e-05
5.629600000000429e-05
5.6512000000001616e-05
5.6509000000003196e-05
5.636700000000161e-05
5.720600000000409e-05
5.679299999999943e-05
5.6398999999998645e-05
6.222100000000119e-05
5.62440000000039e-05
5.6211000000000455e-05
5.621199999999993e-05
5.641800000000252e-05
5.644100000000429e-05
5.6411000000006206e-05
5.6213999999998876e-05
5.669299999999655e-05
5.63560000000074e-05
5.625099999999328e-05
5.679999999999574e-05
5.6533999999996976e-05
5.637799999999582e-05
5.693099999999618e-05
5.6388000000004435e-05
5.644100000000429e-05
5.768200000000334e-05
5.6852000000010006e-05
5.671200000000043e-05
5.6467000000004486e-05
5.6502999999999415e-05
5.668100000000287e-05
5.6637999999997746e-05
5.647699999999922e-05
5.6947000000001635e-05
5.63749999999974e-05
5.6429999999996205e-05
5.661500000000985e-05
5.6883000000007566e-05
5.678900000000153e-05
5.636700000000161e-05
5.645699999999587e-05
5.654200000000664e-05
5.641099999999233e-05
5.6396000000000224e-05
5.7229999999991454e-05
7.477499999999915e-05
5.7005999999998336e-05
5.66729999999932e-05
5.6845999999999286e-05
5.665600000000215e-05
5.674799999999536e-05
5.7183000000002315e-05
5.665300000000373e-05
5.635999999999142e-05
5.640900000000726e-05
5.6208000000002034e-05
5.646300000000659e-05
5.637799999999582e-05
5.712300000000614e-05
5.6748000000009235e-05
5.6908000000008285e-05
5.6557000000012625e-05
5.6432999999994626e-05
5.6350999999996154e-05
5.635499999999405e-05
6.188599999999711e-05
5.710000000000437e-05
5.662600000000406e-05
5.646600000000501e-05
5.633900000000247e-05
5.613699999999777e-05
5.6335000000004576e-05
5.691800000000302e-05
5.649700000000257e-05
5.63930000000018e-05
5.6372000000012856e-05
5.631400000000175e-05
5.63160000000007e-05
5.62350000000017e-05
6.194600000000716e-05
5.635599999999352e-05
5.678900000000153e-05
5.625899999998907e-05
5.649700000000257e-05
5.6187999999998683e-05
5.63749999999974e-05
8.225800000000172e-05
5.647300000000133e-05
5.643400000000798e-05
5.6475000000000275e-05
5.653499999999645e-05
5.6482999999996064e-05
5.6594999999992623e-05
6.231599999999282e-05
5.655799999999822e-05
5.6416000000003574e-05
5.633100000000668e-05
5.637299999999845e-05
5.631300000000228e-05
5.6221999999994665e-05
5.661200000001143e-05
5.655200000000138e-05
5.669000000001201e-05
5.662900000000248e-05
5.636400000000319e-05
5.636200000000424e-05
5.6530999999998555e-05
5.6917999999989144e-05
5.671000000000148e-05
5.6477999999998696e-05
5.661199999999755e-05
5.6676999999991096e-05
5.6665999999996886e-05
5.661099999999808e-05
5.645099999999903e-05
5.6721999999995165e-05
5.6076000000002124e-05
5.645399999999745e-05
5.6404999999995487e-05
5.633700000000352e-05
5.6190999999997104e-05
5.6329000000007734e-05
6.327700000000047e-05
5.620600000000309e-05
5.650699999999731e-05
5.658299999999894e-05
5.63529999999951e-05
7.944800000000973e-05
5.679599999999785e-05
5.649300000000468e-05
5.628600000000261e-05
5.65950000000065e-05
5.6477999999998696e-05
5.647599999999975e-05
5.649400000000415e-05
5.643500000000745e-05
5.679699999999732e-05
5.6383000000007066e-05
5.631400000000175e-05
5.6137999999997246e-05
5.6187999999998683e-05
5.6229999999990454e-05
5.647599999999975e-05
5.742899999999773e-05
5.6336999999989645e-05
5.6464000000006065e-05
5.615300000000323e-05
5.6373999999997926e-05
5.676899999999818e-05
5.6384999999992136e-05
5.717800000000495e-05
5.660200000000282e-05
5.6604000000001764e-05
5.634399999999984e-05
5.6624000000005115e-05
5.687900000000967e-05
5.649099999999185e-05
5.713699999999877e-05
6.013700000000177e-05
5.947900000000117e-05
5.67160000000122e-05
5.688400000000704e-05
5.5967000000003986e-05
6.148799999999843e-05
5.630300000000754e-05
5.594500000000169e-05
5.5866000000001637e-05
5.586999999999953e-05
5.558099999999899e-05
5.568100000000187e-05
5.536999999999903e-05
5.555799999999722e-05
5.552999999999808e-05
5.5256000000003525e-05
5.520400000000314e-05
5.524399999999596e-05
5.868200000000434e-05
5.6985999999994985e-05
5.885799999999497e-05
5.7259000000003946e-05
5.6888000000004935e-05
5.6660000000000044e-05
5.662200000000617e-05
5.951100000001208e-05
5.537600000000975e-05
5.344100000000129e-05
5.363800000000862e-05
5.3134999999995824e-05
5.3571000000002256e-05
5.891899999999062e-05
5.346200000000412e-05
5.2897000000010075e-05
5.3606999999997185e-05
5.2898999999995144e-05
5.3525999999998186e-05
5.286699999999811e-05
5.379899999999327e-05
5.272099999999169e-05
5.8531000000000555e-05
5.2981000000007494e-05
5.622600000000644e-05
5.4338000000001e-05
5.462600000000206e-05
5.391000000000423e-05
5.455999999999517e-05
5.404999999999993e-05
5.478500000000164e-05
5.4432999999992626e-05
5.485799999999097e-05
5.3997999999999546e-05
5.474599999999441e-05
5.3953000000009355e-05
5.455299999999885e-05
5.379299999999643e-05
5.469299999999455e-05
5.357400000000068e-05
5.432099999999607e-05
5.953599999999892e-05
5.448099999999512e-05
5.3772999999993076e-05
5.485599999999202e-05
5.476299999999934e-05
5.486500000000116e-05
5.3916000000001074e-05
5.432499999999396e-05
5.382099999999557e-05
5.440900000000526e-05
5.972600000000994e-05
5.486200000000274e-05
5.379900000000715e-05
5.431300000000028e-05
5.364200000000652e-05
5.4478000000010574e-05
5.405199999999888e-05
5.454500000000306e-05
5.406099999999414e-05
5.461200000000943e-05
5.376900000000906e-05
6.069300000000055e-05
5.3891000000000355e-05
5.4363000000001716e-05
5.406299999999309e-05
5.502400000000074e-05
5.325200000000363e-05
5.4251000000005156e-05
5.394799999999811e-05
5.4372000000010856e-05
5.357099999998838e-05
5.4381999999991715e-05
5.43529999999931e-05
5.5030999999997054e-05
5.399700000000007e-05
5.474599999999441e-05
5.3802999999991163e-05
5.4203000000002666e-05
5.376299999999834e-05
5.93930000000048e-05
5.373799999999762e-05
5.436400000000119e-05
5.393199999999265e-05
5.457799999999957e-05
5.3647000000003886e-05
7.826100000001002e-05
5.962500000000759e-05
5.457000000000378e-05
5.387199999999648e-05
5.4614999999993974e-05
5.389199999999983e-05
5.457000000000378e-05
5.373699999999815e-05
5.461999999999134e-05
5.4053999999997826e-05
5.44960000000011e-05
5.3971999999999354e-05
5.442099999999894e-05
5.3538999999991344e-05
5.427000000000903e-05
5.3603999999998764e-05
5.474399999999546e-05
5.368999999999513e-05
5.4426999999995784e-05
5.379699999999432e-05
5.463099999999943e-05
5.5078999999999545e-05
5.482200000000992e-05
5.3891000000000355e-05
5.4610000000010483e-05
5.389900000001002e-05
5.468899999999666e-05
5.377800000000432e-05
5.4185999999997736e-05
5.381699999999767e-05
5.9908000000011286e-05
5.3794999999995374e-05
5.47570000000025e-05
5.4110000000009983e-05
5.434099999999942e-05
5.344200000000077e-05
5.4329000000005734e-05
5.914399999999709e-05
5.4565000000006414e-05
5.403100000000993e-05
5.432399999999449e-05
5.35329999999945e-05
5.498600000000686e-05
5.404099999999079e-05
5.4489000000004784e-05
5.39370000000039e-05
5.4333999999989224e-05
5.377200000000748e-05
5.439000000000138e-05
5.370999999999848e-05
5.435100000000803e-05
5.374300000000887e-05
5.433900000000047e-05
5.383100000000418e-05
5.444799999999861e-05
5.3422000000011294e-05
5.428899999999903e-05
5.3720000000007095e-05
5.448600000000636e-05
5.3825999999992935e-05
5.436800000001296e-05
5.348500000000589e-05
5.4176000000003e-05
5.4116000000006825e-05
5.43529999999931e-05
5.362600000000106e-05
5.544799999999961e-05
5.3365999999999136e-05
5.412300000000314e-05
5.3723000000005516e-05
5.404400000000309e-05
5.3601999999999816e-05
5.45140000000055e-05
5.3609999999995606e-05
5.454100000000517e-05
5.385400000000595e-05
5.436899999999856e-05
5.356299999999259e-05
5.411999999999084e-05
5.390299999999404e-05
5.4176000000003e-05
5.391800000000002e-05
5.437199999999698e-05
5.364500000000494e-05
5.513099999999993e-05
5.383100000000418e-05
5.4291999999997453e-05
5.3532000000008906e-05
6.16989999999984e-05
5.3992000000002704e-05
5.446500000000354e-05
5.3918999999999495e-05
5.4477999999996696e-05
5.382600000000681e-05
5.460899999999713e-05
5.436100000000277e-05
5.4404999999993486e-05
5.343500000000445e-05
5.447100000000038e-05
5.3603999999998764e-05
5.4210999999998455e-05
5.352499999999871e-05
5.4393999999999276e-05
5.363699999999527e-05
7.759799999999817e-05
5.415599999999965e-05
5.4602000000000817e-05
5.392899999999423e-05
5.4682999999999815e-05
5.38749999999949e-05
5.4360000000003295e-05
5.319100000000798e-05
5.421799999999477e-05
5.340599999999196e-05
5.432300000000889e-05
5.350700000000819e-05
5.423300000000075e-05
5.3616000000006325e-05
5.4116000000006825e-05
5.355199999999838e-05
5.592100000000044e-05
5.3789999999998006e-05
6.642799999999338e-05
6.128600000000761e-05
8.094599999999841e-05
5.5492000000004205e-05
5.4984000000007915e-05
5.385999999998892e-05
5.440600000000684e-05
6.03160000000047e-05
5.596799999998958e-05
5.447100000000038e-05
5.331100000000033e-05
5.3610000000009483e-05
5.245700000000575e-05
7.302200000000592e-05
5.52169999999963e-05
5.463999999999469e-05
5.3269999999994155e-05
5.347099999999938e-05
5.2805999999988584e-05
5.3709999999984603e-05
5.294100000000079e-05
5.3608000000010536e-05
5.328699999998521e-05
5.349100000001661e-05
6.798799999999106e-05
6.226400000000631e-05
6.031199999997905e-05
5.4931999999979775e-05
5.418700000001109e-05
5.4808999999989005e-05
5.788599999997923e-05
5.569100000002436e-05
5.4450000000011434e-05
5.499000000000476e-05
5.3838000000000497e-05
7.480899999998125e-05
5.9858999999995444e-05
5.439200000001421e-05
5.370500000001499e-05
5.409899999997414e-05
5.340100000000847e-05
5.4312000000000804e-05
5.346800000000096e-05
5.424999999997793e-05
5.3723000000005516e-05
5.442599999999631e-05
5.3680000000000394e-05
5.444299999998736e-05
5.383700000000102e-05
5.44739999999988e-05
5.372600000000394e-05
5.5013999999992125e-05
5.38719999999826e-05
5.447100000000038e-05
5.3842999999997865e-05
5.4275999999992e-05
5.571800000001015e-05
5.514899999997658e-05
5.4467000000002486e-05
5.490399999999451e-05
5.3805999999989584e-05
5.442899999999473e-05
5.375200000001801e-05
5.431699999999817e-05
5.36570000000125e-05
6.0576000000006625e-05
5.380800000001629e-05
5.440300000000842e-05
5.3653000000014606e-05
5.4437999999989994e-05
5.385200000002088e-05
5.4296000000009226e-05
5.379299999999643e-05
5.4432999999992626e-05
5.3714000000010254e-05
5.438500000001789e-05
5.37750000000059e-05
5.594200000000327e-05
5.742100000000194e-05
5.46949999999935e-05
5.399400000000165e-05
5.461100000000996e-05
5.406699999999098e-05
5.4272999999993576e-05
5.3629999999998956e-05
5.469799999999192e-05
5.3733999999999726e-05
5.5434999999992574e-05
5.41540000000007e-05
5.461599999997957e-05
5.3839999999999444e-05
5.462300000000364e-05
5.388400000000404e-05
5.45959999999901e-05
5.851799999997964e-05
5.515600000000065e-05
5.398099999998074e-05
5.4670999999978376e-05
5.439200000001421e-05
5.4629999999999956e-05
5.3936000000004425e-05
6.0488999999996906e-05
5.432199999999554e-05
5.46760000000035e-05
5.402000000001572e-05
5.433599999998817e-05
5.391399999998825e-05
5.464799999999048e-05
5.400099999999797e-05
5.4690999999995604e-05
5.359099999999173e-05
5.447100000000038e-05
5.403900000000572e-05
5.449599999998722e-05
5.379899999999327e-05
5.460499999998536e-05
5.4378999999993294e-05
5.4504000000010766e-05
5.377400000000643e-05
5.537699999999535e-05
5.413200000001228e-05
5.466500000000929e-05
5.391500000001548e-05
5.515300000000223e-05
5.382200000000892e-05
5.451300000000603e-05
5.363899999999422e-05
5.4350999999980276e-05
5.367400000000355e-05
5.45180000000034e-05
5.974799999999836e-05
5.467700000000297e-05
5.4060000000022423e-05
5.452699999999866e-05
5.369299999999355e-05
5.427899999999042e-05
5.365299999998685e-05
5.427399999999305e-05
5.381700000001155e-05
7.853100000002056e-05
5.4568000000004835e-05
5.4454999999981046e-05
5.3893999999998776e-05
5.4462999999976835e-05
5.400799999999428e-05
5.436699999999961e-05
5.3891000000000355e-05
5.4640999999994166e-05
5.3723000000005516e-05
5.450200000001182e-05
5.354699999998713e-05
5.454699999998813e-05
5.451100000000708e-05
5.4578999999999045e-05
5.405699999999625e-05
5.4405000000007364e-05
5.360000000001475e-05
5.453599999999392e-05
5.3735999999998674e-05
5.938700000002184e-05
5.547599999999875e-05
5.5421999999999416e-05
5.404900000000046e-05
5.4212000000025684e-05
5.383600000000155e-05
5.420700000000056e-05
5.958100000000299e-05
5.445100000001091e-05
5.372700000000341e-05
5.485400000002083e-05
5.3647000000017764e-05
5.441200000000368e-05
5.365500000001355e-05
5.443500000001933e-05
5.3746999999992884e-05
5.431000000000186e-05
5.353999999999082e-05
5.436500000000066e-05
5.3822999999980636e-05
5.419300000000793e-05
5.371800000000815e-05
5.56109999999832e-05
5.434500000001119e-05
5.4984000000007915e-05
5.390700000001969e-05
5.4648999999989956e-05
5.390500000002074e-05
5.458100000002575e-05
5.7158000000001596e-05
5.518999999998275e-05
5.37160000000092e-05
5.452400000000024e-05
5.391999999998509e-05
6.895100000001153e-05
5.447800000002445e-05
5.492300000001227e-05
5.3731000000001305e-05
7.698000000000427e-05
5.465500000001455e-05
5.494000000000332e-05
5.384499999999681e-05
5.447100000000038e-05
5.394599999999916e-05
5.448099999999512e-05
5.372700000000341e-05
6.011999999999684e-05
5.362099999997594e-05
5.462000000000522e-05
5.363099999999843e-05
5.440199999998119e-05
5.390100000002285e-05
5.454700000001589e-05
5.35919999999912e-05
5.4403999999980135e-05
5.364900000001671e-05
5.4392999999985925e-05
5.3627000000000535e-05
5.4709000000013885e-05
7.740700000000156e-05
5.462000000000522e-05
5.346500000000254e-05
5.427000000002291e-05
5.3773000000006954e-05
5.4541999999990765e-05
5.3314999999998225e-05
5.425200000000463e-05
5.37750000000059e-05
5.468900000002441e-05
5.377399999997867e-05
5.443599999999105e-05
5.356299999997871e-05
5.446500000000354e-05
5.357400000000068e-05
5.440700000000631e-05
5.385599999999102e-05
5.454299999999024e-05
5.3589999999992255e-05
5.4245000000008314e-05
5.370099999998934e-05
7.808299999997881e-05
6.031499999997747e-05
5.604100000000667e-05
5.418800000001056e-05
5.3251000000004156e-05
5.367300000000408e-05
5.3043000000002616e-05
5.637999999999477e-05
5.9763999999989936e-05
6.028999999999063e-05
5.417499999998965e-05
5.440600000000684e-05
5.371199999998355e-05
5.432699999999291e-05
5.3797999999993795e-05
5.462800000000101e-05
5.3605000000012115e-05
5.440599999997908e-05
5.3621000000003693e-05
5.662600000000406e-05
5.411199999999505e-05
5.46170000000068e-05
5.376400000001169e-05
5.981099999999295e-05
6.096199999999774e-05
5.52909999999851e-05
5.343200000001991e-05
5.379699999999432e-05
5.2642999999991114e-05
5.891099999999483e-05
5.281899999998174e-05
5.340200000000794e-05
5.271099999998308e-05
5.348600000001924e-05
5.25730000000002e-05
5.318000000001377e-05
5.2474999999996275e-05
5.352499999999871e-05
5.2611999999979675e-05
5.3949999999997056e-05
5.3112999999993527e-05
5.3645999999990535e-05
5.3168999999991806e-05
5.3373999999994926e-05
5.272600000000294e-05
5.344199999998689e-05
5.2645000000017816e-05
5.344299999998636e-05
5.276499999998241e-05
8.970699999999443e-05
5.528300000001707e-05
5.422099999999319e-05
5.325299999997535e-05
5.39559999999939e-05
5.265899999998269e-05
5.385599999999102e-05
5.290799999999041e-05
5.38529999999926e-05
5.273999999999557e-05
5.3445999999984783e-05
5.2642000000019396e-05
5.336400000000019e-05
5.2696999999990446e-05
5.350000000001187e-05
5.2909000000017636e-05
5.3583000000023695e-05
5.7493999999991274e-05
5.315300000000023e-05
5.2805999999988584e-05
5.334199999998401e-05
5.2586999999992834e-05
5.328900000001191e-05
5.2738999999996095e-05
5.3301000000005594e-05
5.2822999999979636e-05
8.932600000000068e-05
5.5456000000009276e-05
5.456199999998024e-05
5.443300000002038e-05
5.446800000000196e-05
5.3080000000010896e-05
5.3670999999977376e-05
5.298300000000644e-05
5.3629999999998956e-05
5.291200000001606e-05
5.357799999999857e-05
5.2746999999991884e-05
5.348800000001819e-05
5.2883999999975284e-05
5.365100000001566e-05
5.2987999999976054e-05
5.3672000000004605e-05
5.2679999999999394e-05
5.3728000000002885e-05
5.302300000001314e-05
5.3735999999998674e-05
5.2645999999989535e-05
5.8352000000011506e-05
5.306500000001879e-05
5.351300000000503e-05
5.290500000001974e-05
5.338700000001584e-05
5.2917999999985144e-05
5.358499999999489e-05
8.144200000001489e-05
5.501299999999265e-05
5.425400000000358e-05
5.46359999999968e-05
5.430300000000554e-05
5.4685999999998236e-05
5.382699999997853e-05
5.4400000000009996e-05
5.408700000000821e-05
5.52909999999851e-05
5.4256000000002524e-05
5.48969999999982e-05
5.3467000000001486e-05
5.4459000000006696e-05
5.353999999999082e-05
5.432900000001961e-05
5.6568000000006835e-05
5.540300000000942e-05
5.415599999999965e-05
5.4499999999985116e-05
5.504100000000567e-05
5.520600000000209e-05
5.4240999999982664e-05
5.443699999999052e-05
5.423200000001516e-05
5.4560999999980764e-05
5.394100000000179e-05
5.4576000000000624e-05
5.376700000001011e-05
6.041399999998087e-05
5.366000000001092e-05
5.455500000001168e-05
5.369599999999197e-05
5.46170000000068e-05
5.379599999999485e-05
5.462500000000259e-05
5.3610000000009483e-05
5.468100000000087e-05
5.3917999999986144e-05
5.479699999999532e-05
5.364399999999159e-05
5.562300000000464e-05
5.380400000001839e-05
5.454500000001694e-05
5.4515000000004976e-05
5.4376999999994347e-05
5.3771999999979725e-05
5.468399999999929e-05
5.3723000000005516e-05
5.436100000000277e-05
5.382200000000892e-05
6.009100000001211e-05
5.375499999998867e-05
5.447100000000038e-05
5.3765000000011165e-05
5.4597999999989044e-05
5.3682999999998815e-05
5.4301000000006594e-05
5.373999999999657e-05
5.442099999999894e-05
5.34550000000078e-05
5.444299999998736e-05
7.013999999999632e-05
5.473999999999757e-05
5.3818000000011024e-05
5.435900000000382e-05
5.430200000000607e-05
5.4861000000017146e-05
5.370800000001341e-05
5.4552999999984975e-05
5.3757999999987094e-05
5.5384999999991136e-05
5.4509000000008134e-05
5.5322999999996014e-05
5.404999999999993e-05
5.4734000000000727e-05
5.3786999999999585e-05
5.457500000000115e-05
5.40149999999906e-05
5.431399999999975e-05
5.912900000001886e-05
5.439999999998224e-05
5.3858000000017725e-05
5.506799999999146e-05
5.3850999999993654e-05
5.444900000001196e-05
5.37600000000138e-05
5.9861999999993865e-05
5.404400000000309e-05
5.4437999999989994e-05
5.381599999998432e-05
5.4568000000004835e-05
5.360600000001159e-05
5.4223000000019894e-05
5.374099999999604e-05
5.408700000000821e-05
5.345200000000938e-05
5.452100000000182e-05
5.3717000000008674e-05
5.4437000000018276e-05
5.3911000000017584e-05
5.437599999999487e-05
5.3946999999998635e-05
5.452200000000129e-05
5.4512000000006555e-05
5.435400000000645e-05
5.387799999997944e-05
5.4456000000008276e-05
5.3744999999993937e-05
5.518000000001577e-05
5.368899999999566e-05
5.4627000000001535e-05
5.388100000000562e-05
5.433799999998712e-05
5.357999999999752e-05
5.4474999999998275e-05
5.9456999999984994e-05
5.423699999998477e-05
5.3709999999984603e-05
5.4328999999991856e-05
5.3901999999994565e-05
5.420999999999898e-05
5.384099999999892e-05
5.479999999999374e-05
7.682700000000153e-05
5.4757999999988094e-05
5.364800000001724e-05
5.417400000001793e-05
5.384899999999471e-05
6.083799999997974e-05
5.730300000000854e-05
5.560799999998478e-05
5.540400000000889e-05
5.4271000000022385e-05
5.863300000000238e-05
5.538500000001889e-05
5.536899999999956e-05
5.4168999999992806e-05
5.490500000002174e-05
5.385499999999155e-05
5.447599999999775e-05
5.3560999999979764e-05
5.4555999999983396e-05
5.3816000000012076e-05
5.4802000000020445e-05
5.382300000000839e-05
5.448500000002077e-05
5.394300000000074e-05
7.136599999998938e-05
5.501299999999265e-05
5.575599999999015e-05
5.4533999999994975e-05
5.444400000001459e-05
5.3909999999990355e-05
5.8776999999982094e-05
6.045899999998494e-05
5.408299999998256e-05
5.279999999999174e-05
5.358899999999278e-05
5.293399999997672e-05
5.379699999999432e-05
5.282200000000792e-05
5.3650000000016185e-05
5.291500000001448e-05
5.877899999998104e-05
5.3157999999997596e-05
5.364999999998843e-05
5.273199999999978e-05
5.3563000000006467e-05
5.29119999999883e-05
5.36170000000058e-05
5.292300000001027e-05
5.356700000000436e-05
5.27539999999882e-05
5.348399999999254e-05
5.285999999998792e-05
5.323300000001363e-05
5.2890999999999355e-05
5.3949999999997056e-05
5.334299999998349e-05
5.865299999999185e-05
5.530199999997931e-05
5.4951999999997e-05
5.39370000000039e-05
8.848999999999663e-05
5.539200000001521e-05
5.548099999999612e-05
5.404100000000467e-05
5.440900000000526e-05
5.367300000000408e-05
5.4698000000019675e-05
5.382199999998116e-05
5.4616000000007325e-05
5.411800000001965e-05
5.4805999999990584e-05
5.3578999999998045e-05
5.453199999999603e-05
5.386000000001667e-05
5.4459000000006696e-05
