0.054849444000000004
0.05652813499999998
0.056307790999999996
0.056346076999999994
0.056382043999999965
0.05638742200000002
0.056509467000000035
0.05648278800000006
0.05661637500000005
0.056475162000000134
0.05636051800000019
0.05637108700000004
0.05654776299999997
0.05647575299999996
0.05636253800000013
0.05645067800000003
0.05656071199999979
0.05632838899999992
0.056523456000000305
0.05642308000000007
0.05634692299999999
0.056394945000000085
0.056445422999999995
0.05649782799999992
0.05653019000000015
0.05638223799999986
0.056393858999999935
0.0563554879999999
0.05638196999999989
0.05645571400000016
0.056352599999999864
0.05636381400000001
0.05657755299999989
0.056504245000000175
0.056415744999999795
0.05643603399999986
0.05648516900000011
0.056358073000000175
0.05636914000000015
0.05633985200000069
0.05652264699999954
0.05640822900000053
0.05639964499999994
0.056381323000000094
0.056449532000000247
0.05648374499999953
0.05649644699999978
0.05634494999999973
0.05639128299999996
0.056432569000000044
0.056371869999999547
0.056355850000000096
0.05649840200000078
0.05646122799999986
0.05646786500000012
0.056537000000000504
0.056433171000000115
0.05642523700000002
0.056518167999999314
0.05644703600000067
0.05654545600000027
0.05651653400000001
0.056477693000000606
0.056456768000000324
0.05650637799999991
0.05645964499999945
0.05640010399999973
0.0566538560000005
0.05646778299999955
0.056522019999999173
0.0563918060000006
0.05653995399999978
0.056514144999999516
0.056459624000000375
0.05644168499999935
0.056545100000001014
0.05653188099999973
0.05646060499999983
0.05653540200000151
0.056416879000000364
0.056436093999998604
0.05653898799999979
0.05640376200000041
0.056488199999998656
0.05637757199999882
0.05645597499999866
0.05639526799999928
0.05665770699999939
0.0565931399999986
0.05639489100000006
0.05639903899999865
0.05643701999999884
0.05632761500000072
0.05641242599999963
0.05644653400000088
0.05641395299999985
0.0563938679999989
0.05639977800000118
0.05651124700000132
0.05641967200000053
0.0563847820000003
0.056483373000000725
0.0564053100000006
0.05643883900000013
0.05639983600000065
0.05644114100000053
0.05642429299999918
0.05664043700000043
0.056366781000001254
0.056411957999999984
0.0563406250000007
0.05642728199999958
0.05652513999999975
0.05647667000000034
0.056706095999999206
0.05650632300000069
0.05664866799999935
0.05658070800000026
0.05641410899999855
0.05646028299999983
0.056391920999999456
0.056486732999999845
0.056343914999999356
0.05636340400000073
0.056508006999999694
0.0563284399999997
0.05680891500000129
0.056524183000000505
0.05641355699999906
0.056467328000000094
0.056402904000000476
0.056408594000000534
0.056380841999999376
0.05673819300000105
0.05648052899999989
0.056315541000000024
0.05648008300000029
0.056403869000000384
0.0565221600000001
0.056446982000000645
0.05642755999999949
0.05631489599999995
0.05636159900000237
0.056595430000001556
0.05633028699999798
0.0565331339999986
0.056450512000001396
0.056411680000000075
0.05641592899999992
0.05628597000000113
0.056503198000001476
0.05630150500000042
0.05629022500000147
0.05649380899999912
0.05665377400000082
0.05674880299999785
0.056526282000000094
0.056401677000000205
0.05631123399999893
0.056517224999996785
0.056337744000000356
0.05645715500000037
0.05644207899999998
0.05641625000000161
0.05647035200000161
0.05650043500000024
0.05640379099999748
0.0564701389999982
0.05644143899999676
0.0564938299999973
0.05644321100000127
0.05645783499999979
0.05636958899999911
0.056462738000000456
0.056480453999999014
0.056396455999998096
0.05652535100000122
0.05644952100000111
0.05641841900000344
0.05642700299999959
0.05639377500000009
0.05645787899999988
0.05656058099999939
0.056486404999997575
0.05642850299999935
0.05642514200000193
0.056399939000002064
0.0563972349999986
0.05632457500000143
0.05640003599999943
0.0564691169999989
0.05665395900000192
0.0564264769999987
0.05641500999999849
0.05646164999999925
0.05641015400000171
0.05637847299999876
0.056305000999998356
0.05641335500000011
0.056493299999999635
0.056313251999998926
0.05648948400000009
0.05640959000000123
0.056460436999998365
0.05645121599999925
0.056407655000001
0.056446410999999586
0.056751530999999744
0.056497610000000975
0.05637717200000125
0.05632872500000019
0.056422688999997916
0.0566661229999994
0.05630562099999992
0.05669982899999937
0.05654787799999994
0.05638198100000125
0.056462151999998156
0.05654121099999898
0.05675418499999907
0.05480235599999972
0.056452099999997785
0.05643269900000192
0.05637156599999926
0.05661169500000085
0.05661983899999967
0.05637933499999903
0.056580805999999484
0.05671656600000219
0.05636590699999999
0.05652207099999984
0.057267833000000934
0.0567768899999983
0.056398987999997985
0.05642732400000128
0.05638681900000009
0.05640569099999837
0.05642736500000112
0.056506291000001596
0.056461101000000014
0.05670162600000239
0.056519032000000635
0.05655861700000031
0.056484577999999175
0.05663610999999946
0.05652210399999902
0.05644527699999813
0.056433240000000495
0.056494644000000704
0.05661898700000023
0.0565353420000001
0.0564976460000004
0.05647251499999939
0.0565238629999989
0.05676033599999997
0.056505879999999564
0.0564218299999979
0.05500463999999994
0.054858268000000265
0.0550270459999993
0.05510554299999981
0.055076389999999975
0.05483786399999957
0.054889379999998766
0.0549039140000005
0.05489291499999993
0.05495236999999875
0.05478604400000009
0.05477655700000028
0.054792859999999166
0.054775859999999454
0.05477715099999969
0.054974846000000355
0.05483381499999851
0.05481071699999873
0.05500204900000227
0.0548619489999993
0.05485470500000034
0.05492545899999968
0.05475180699999882
0.05471293800000154
0.054782423999999
0.05477538299999907
0.05480979899999738
0.05486406200000005
0.05493254599999631
0.05482770300000084
0.054708509000001015
0.05481426400000089
0.05480831099999506
0.05481599400000192
0.054766771000004155
0.05477606399999502
0.05477915299999836
0.05474689700000113
0.05468488800000415
0.054795769000001826
0.05475746100000123
0.054762080999999796
0.05478458199999636
0.0547855929999983
0.05481824900000021
0.054936510000004546
0.05505347900000146
0.05467495699999603
0.05470205299999975
0.05469465099999837
0.05470949600000097
0.05492451699999634
0.05493196900000186
0.054705976999997574
0.05477619299999503
0.054746037000001024
0.05479136099999948
0.05488335599999772
0.05473794099999907
0.05459281999999632
0.054698269000006405
0.05466910700000227
0.05472661700000003
0.05487585299999864
0.054914057000004846
0.05467793600000448
0.05461863000000022
0.05475746299999429
0.05474148200000428
0.05477269899999726
0.05480948299999966
0.05476572199999907
0.054744726999999216
0.05476944899999836
0.05465493999999893
0.05487436399999979
0.054790793000002225
0.05459861500000329
0.054681491000003746
0.05467953299999806
0.054778153000000884
0.054826009999999314
0.05484520099999912
0.05481430900000106
0.054809992000002694
0.054858936000002245
0.05481276900000154
0.05492572900000425
0.05485883600000108
0.05470672999999948
0.05482395099999593
0.054777227999998956
0.05484474999999378
0.05488027500000214
0.05483542099999994
0.05468792199999939
0.05476426700000303
0.05474527399999829
0.05484938500000425
0.05482672800000188
0.05482645299999689
0.05473608999999868
0.05479543299999534
0.05476075699999683
0.05478638599999641
0.05490984000000054
0.05481795400000067
0.054851349999999854
0.054840197999993734
0.05469961799999368
0.05471242600000181
0.05485971300000614
0.054745932999999525
0.05466085500000162
0.054717773000000136
0.054712584000000675
0.05481234399999835
0.054788608999999155
0.05480589399999758
0.05459994599999618
0.05472069099999999
0.05474577599999719
0.05483613500000217
0.05486567799999875
0.054871636000001445
0.05469772499999692
0.054652490999998804
0.05474067400000138
0.05465164599999639
0.05484739699999608
0.05489571399999704
0.05464191599999424
0.054763155999999924
0.05461899800000225
0.05479486099999775
0.05475828299999819
0.05473228700000021
0.05465324199999344
0.05464306599999702
0.05488865299999901
0.05487303200000326
0.05520146099999579
0.05491730600000011
0.05472291799999596
0.054783334999996214
0.054807314000001384
0.054932111999995925
0.054873399000001655
0.054811714000003064
0.05483147600000393
0.05493711699999437
0.054782250999998894
0.05483303300000131
0.05493386100000208
0.05487192500000049
0.054566788999999005
0.05476726300000223
0.05482084900000217
0.054761165999998695
0.054918495000002565
0.05486881400000243
0.0546893850000032
0.05480561799999606
0.05473786900000022
0.05470722500000136
0.05503282899999817
0.054907427999999925
0.0547864589999989
0.054710843000002285
0.054748715000002335
0.0547022900000016
0.05488029499999669
0.05470199799999875
0.054782101000000694
0.0547244340000006
0.054957731000001786
0.05483460099999604
0.05492481000000282
0.0548042940000002
0.054699690999996164
0.05486904199999998
0.054896401000000594
0.054835490999998626
0.05479916299999843
0.05492105200000452
0.05481061999999781
0.05489498899999745
0.054724439000004566
0.054812081000001456
0.05487092400000648
0.05467145699999776
0.05456424699999474
0.05464071400000137
0.054689495000005195
0.054753691999998466
0.054914996000000826
0.054568656000000715
0.05499388700000196
0.05461890000000125
0.05486665600000151
0.054719015999999954
0.05495002800000037
0.05465616099999693
0.05464526399999414
0.05471695900000384
0.05489925999999912
0.054715321000003314
0.05484644399999894
0.05460735599999822
0.05456693699999704
0.054931091000000265
0.05461070399999812
0.054907477000000426
0.054928666999998654
0.05478032199999916
0.05466162100000105
0.05481546800000103
0.05469656999999728
0.05467956999999757
0.05540185999999636
0.05462926599999918
0.0547013230000033
0.054600686999997095
0.0547545009999979
0.05482882700000147
0.05487347199999704
0.05463220600000085
0.05464507199999957
0.054683949000001064
0.05461535299999554
0.05473192099999835
0.05492126400000075
0.05454598099999686
0.05467518600000432
0.05451743700000122
0.05451745900000304
0.05477801099999624
0.055028077999999425
0.0547148280000016
0.054903611000000296
0.05474473400000335
0.05470818999999949
0.054843136000002346
0.0549765489999956
0.05466233700000345
0.054652602000004435
0.0546643799999984
0.054855818999996586
0.05481163500000008
0.05489752199999742
0.054683023000002606
0.054691427999998155
0.05466100599999635
0.054558376000002795
0.05487249999999477
0.05485792600000394
0.054617750999994996
0.05476080900000113
0.05461391100000412
0.054648990000004005
0.0547334310000025
0.054857889000004434
0.054750072999993904
0.05479696700000147
0.05489514399999962
0.05465872999999988
0.05496952600000071
0.05495870899999744
0.05479805399999549
0.05471638000000212
0.054702136999999595
0.054569014999998444
0.05478931399999709
0.05496600699999732
0.054714052999997875
0.05479726899999804
0.05480552499999902
0.05475056200000239
0.05487531899999709
0.05490370500000097
0.05464943399999811
0.054748488000001316
0.05459649200000172
0.0545708069999975
0.05475935100000129
0.05494125599999933
0.054606972999998504
0.05463197999999636
0.05462329400000243
0.05462956299999888
0.054738495999998804
0.05496892900000461
0.054788776000002315
0.054650350999999375
0.05462838199999709
0.054580851000004316
0.05480576500000467
0.05496474599999601
0.05460250699999847
0.05465977099999719
0.05458250099999873
0.05465594100000004
0.05476186500000324
0.05490230899999915
0.05469489100000402
0.05461524599999734
0.054661884000005045
0.05452809700000216
0.05472404399999675
0.05494809700000047
0.05473214700000284
0.0547441390000003
0.054708800000000224
0.05458124199999759
0.05478532899999777
0.05489968699999537
0.05459800999999942
0.05460417399999784
0.0546537179999973
0.05472213900000611
0.05467633199999966
0.054898084999990715
0.054645319000002246
0.05460638299999232
0.05461421299999358
0.05456001599999638
0.05471691099999987
0.054843962999996165
0.05467517099999952
0.05464795700000025
0.05458904500000017
0.05454590600000131
0.054782341999995765
0.05488576900000908
0.05484861800000829
0.05472676700000534
0.0546090659999976
0.054703020000005154
0.05488809000000572
0.0549654679999918
0.0547542130000096
0.054732423999993784
0.05466465899999662
0.05463690799999199
0.05476867999999513
0.0548505710000029
0.05466786600000262
0.054814457999995625
0.054641420000010044
0.054572522000000845
0.05474850200000958
0.05486873899999978
0.054693302000003996
0.05481971700000088
0.05466966599999523
0.05473574999999187
0.054839773999987074
0.054952228000004766
0.05470459900000435
0.05464273500000161
0.0546661180000001
0.05465103699999929
0.05481290599999511
0.05489105299999153
0.05466505100000063
0.05473863299999948
0.0545929479999927
0.0545833049999942
0.05468739500000197
0.05487188200000048
0.054570701999992366
0.05465707499999439
0.05470178299999873
0.05464959100000044
0.0547338840000009
0.054911783999997965
0.05463423999999861
0.05459616900000697
0.0545611489999942
0.054520904000000314
0.055197496999994655
0.0548504639999976
0.054699429000010014
0.05467788500000381
0.05457377400000496
0.05467338599999039
0.05479338300000336
0.05491465400000095
0.05460320599999591
0.054671105000011266
0.05468883000000346
0.054610565000004385
0.054775732999999605
0.054917353999996976
0.054802512000009074
0.05470084399999564
0.0546104950000057
0.054527727000007076
0.054754751000004376
0.055049703000008776
0.05464154899999585
0.05471149999999625
0.05515202099999783
0.054775179000003504
0.05492963700000075
0.05464435300000048
0.054801199999999994
0.05498544099999947
0.05451843500000564
0.05462971199999345
0.054592493999990666
0.05477901999999801
0.05489147299999786
0.054730868999996574
0.05469150799999056
0.0547133680000087
0.054618640999990475
0.054655038999996464
0.05485492199998987
0.054503867999997624
0.05459902900000202
0.05465181600000335
0.054677670000003786
0.05459963500000242
0.05485873400000685
0.05451673499999288
0.05463243500000203
0.054615678000004664
0.0547143810000108
0.0547263130000033
0.05486410799998964
0.05461066099999812
0.05462064499999997
0.05491062800000179
0.05460017199999356
0.05469594400000233
0.05483126500000424
0.05458804799999939
0.05459311599999239
0.054653240000007486
0.054642659999998955
0.054729752000000076
0.05496462099999633
0.05463785300000268
0.05467419500000403
0.0547527380000048
0.05470399099999668
0.054736348999995244
0.054829498000003696
0.05456175800000551
0.054616210999995474
0.054697594000003846
0.05464761500000748
0.05489443799999094
0.054886444999993955
0.05457070200000658
0.05459679800000572
0.0547875880000106
0.05460828300000742
0.0547198160000022
0.05494496800000093
0.05455147799999338
0.05461437700000715
0.05478985300000261
0.054626754999986815
0.05474151699999652
0.054837863999992464
0.05458527100000765
0.054662352999997665
0.05480388799999503
0.05462893199999996
0.05474788899999794
0.05488839800000278
0.054670446000002926
0.05470067400000289
0.0548645560000125
0.054799693000006755
0.054835893000003466
0.054925162000003525
0.054719110999997156
0.05467412400000171
0.054659446000002276
0.05461526499999536
0.05476961600000152
0.054869296000006784
0.05479179799999656
0.054679973000006044
0.054646777999991514
0.054830644000006146
0.05509968900000217
0.054905031999993525
0.05479228100000455
0.05468264900000008
0.054848014000000944
0.05463188499999205
0.05482690099999843
0.0548337489999966
0.054539169999998194
0.05462150099999974
0.054655526000004784
0.05460661200000061
0.054728478000001246
0.054895546000011564
0.05453968500000883
0.05462350700000229
0.05471377100001007
0.05461841599999673
0.05468899500000646
0.05485271999999952
0.05489929499999846
0.05476076699999055
0.05474288700000329
0.054700292999996236
0.05476659599999323
0.054896556999992185
0.05461981300000218
0.05464893399999937
0.05465349699998967
0.05458391299998766
0.05482019700001217
0.054964421999997626
0.054696141999997394
0.05474076399998751
0.05464819799999532
0.054686949000000595
0.05465280899998959
0.05486175200000787
0.05458634000000018
0.05461879499999611
0.054861444000010806
0.05473878000000809
0.0549188020000031
0.054972590999994964
0.05475960699999405
0.05488177400000893
0.05493331499999954
0.05491598899999417
0.05488952700000027
0.05509590799999842
0.05468108399999494
0.05468273500000009
0.054901588000006996
0.0547287979999993
0.05477530199999592
0.05499906800000076
0.05480628600000159
0.05469195399999194
0.054680176000005076
0.05459972699999582
0.05480329899999958
0.05497849799999699
0.05481501099998809
0.054750854000005234
0.05474053899999376
0.054862314999994055
0.0547320539999987
0.055015568000001736
0.05459675999999547
0.054774359999996136
0.05476542200000267
0.054800416999995605
0.05487265499999694
0.05486948400000813
0.054589847999992
0.05466899699999317
0.05474854799999207
0.054642342999997595
0.05478033299999652
0.05483859799998925
0.05470063900000355
0.05462920600000132
0.05472203200000081
0.05465187099999014
0.05480076800000688
0.05500120499999639
0.054610378000006676
0.054710055000001034
0.054694767000000866
0.05481757100000095
0.054791745000002834
0.05487565900000391
0.0546012809999894
0.05464990200000841
0.05466629199999318
0.0548059649999999
0.05483369199998833
0.05484379000000672
0.05460282500000346
0.05463459800000692
0.05474031400000001
0.05465350500000454
0.05467482999999618
0.054870109999995975
0.054633553000002166
0.05466090000000179
0.05468054500001074
0.054815726000001064
0.05475273899999422
0.05482374400000367
0.05475773699998854
0.054839499000010505
0.05474072600000568
0.05482188199999882
0.054941292999998836
0.0548173490000039
0.05463496100000498
0.05469989600000247
0.054692166999998904
0.05464768499999195
0.05471871100000669
0.0549019860000044
0.054665471999996385
0.054620550999999296
0.05479189199999723
0.0546675380000039
0.05489656599999648
0.054852179999997475
0.05460809000000211
0.054750459000004525
0.054793834999998126
0.054836055000009765
0.05472217400000545
0.05481490199998973
0.054636772999998584
0.054639395999998897
0.054768108000004645
0.054564033999994876
0.054844199999990906
0.05463973800000588
0.05464147699998989
0.05465883700000518
0.054712158000000954
0.054617750999994996
0.05506999700000392
0.05465724200000466
0.05464796399999727
0.05478034499999751
0.05477772300000083
0.05480598399999792
0.054820534000000976
0.05499830999998778
0.054767746999999645
0.054829897000004735
0.054811976999999956
0.05483422999999732
0.054998144000009574
0.05473307500000146
0.05466839500000731
0.05478923799999791
0.05465944300000558
0.05471027599999445
0.05476512500000297
0.054706805999998664
0.05459193500000481
0.054945127999999954
0.05467932700000233
0.05487641199999871
0.05477092499999969
0.05453369900000382
0.05464942700000108
0.054674285000004375
0.054631325999991986
0.05459162699999354
0.05481366399999388
0.05461452200000849
0.054843976000000794
0.054685667000001104
0.054661675000005516
0.05472416399999247
0.05485604499999397
0.054634444999990706
0.05457788500000049
0.05466188600000521
0.05459542999999201
0.054762967999991474
0.05478647399999659
0.05463061599999719
0.05470746600001064
0.054724097999994115
0.05465253399999881
0.05496507799999506
0.05484602900000368
0.05478444999999965
0.054770803000010915
0.05490212899999847
0.05475538000000313
0.05467035099999862
0.05483558100000607
0.05454069000001027
0.05455365900000686
0.05474909599999478
0.05467086900000595
0.05473792600000138
0.05492705400000375
0.05471042300000306
0.05487455800000873
0.05466834399999243
0.05466884199999811
0.05477569800000026
0.05485635700000557
0.05478144100000293
0.05455965299999832
0.05481142600000055
0.054609229999996955
0.05474264800000128
0.05478341899998895
0.05461367600000244
0.05457248800000514
0.05470115100000328
0.054711869999991336
0.054613142000008
0.05478874599999983
0.054755426999989254
0.054749611000005416
0.054837058000003935
0.054633099999989554
0.054667911000009894
0.05488819400000011
0.05466295899999807
0.05453889400000378
0.05484742100000517
0.05462057600000492
0.05476527800000497
0.0549015149999974
0.0546207010000046
0.054512744000007274
0.054726778000002696
0.054705465000012055
0.054649943000001144
0.05476130700000681
0.05453702399999827
0.054551220999996985
0.054970280000006255
0.054678004000010105
0.05497104900000238
0.0549603479999945
0.0549132479999912
0.054893372999998746
0.054688159999997765
0.054641853999996215
0.054595848000005276
0.055122064000002524
0.05476234300000726
