6.509100000000323e-05
5.501199999999318e-05
5.461100000000302e-05
5.398200000000103e-05
5.370700000000006e-05
5.391800000000002e-05
5.893700000000196e-05
5.356299999999953e-05
5.343199999999909e-05
5.382000000000303e-05
5.3247999999998796e-05
5.349299999999474e-05
5.3199999999996306e-05
5.361699999999886e-05
5.7401999999998066e-05
5.367700000000197e-05
5.3599000000001396e-05
5.348000000000158e-05
5.362200000000317e-05
5.4492000000003205e-05
5.394199999999433e-05
5.371000000000542e-05
5.392899999999423e-05
5.3725000000004464e-05
5.3536999999999335e-05
5.373300000000025e-05
5.375500000000255e-05
5.3779000000003796e-05
5.4013999999998064e-05
5.363699999999527e-05
5.3779000000003796e-05
5.367100000000513e-05
5.356299999999953e-05
5.340900000000426e-05
5.340999999999679e-05
5.340300000000048e-05
5.336899999999756e-05
5.3300999999998655e-05
5.768099999999693e-05
5.78619999999988e-05
5.355699999999575e-05
5.345500000000086e-05
5.379299999999643e-05
5.3724999999997525e-05
5.3683000000005754e-05
5.3567999999996896e-05
5.6967000000004986e-05
5.367099999999819e-05
5.360799999999666e-05
5.344000000000182e-05
5.3509000000000195e-05
5.348799999999737e-05
5.3503000000003353e-05
5.368499999999776e-05
5.7551000000002905e-05
5.338700000000196e-05
5.375199999999719e-05
5.3407999999997846e-05
5.339199999999933e-05
5.352999999999608e-05
5.3513999999997564e-05
5.3644999999998e-05
5.802500000000321e-05
5.36630000000024e-05
5.384099999999892e-05
5.3513999999997564e-05
5.3512000000005555e-05
5.411199999999505e-05
5.339000000000038e-05
5.3248000000005735e-05
5.727699999999447e-05
5.360499999999824e-05
5.3616000000006325e-05
5.358900000000666e-05
5.358499999999489e-05
5.360100000000034e-05
5.34960000000001e-05
5.356599999999101e-05
5.828499999999126e-05
5.3469999999999906e-05
5.3522999999999765e-05
5.354700000000101e-05
5.3621000000003693e-05
5.3672000000004605e-05
5.3454999999993924e-05
5.359000000000613e-05
5.792500000000034e-05
5.346800000000096e-05
5.3495000000000625e-05
5.3564999999991536e-05
5.3689000000009535e-05
5.422700000000391e-05
5.364799999998948e-05
5.3449999999996556e-05
5.828000000000777e-05
5.3575999999999624e-05
5.348399999999254e-05
5.353000000000996e-05
5.346000000000517e-05
5.3337999999999997e-05
5.3350999999993154e-05
5.35549999999968e-05
5.756099999999764e-05
5.358899999999278e-05
5.3400000000008996e-05
5.354500000000206e-05
5.3370999999996505e-05
5.3685999999997236e-05
5.334399999999684e-05
5.334799999999473e-05
5.350199999999694e-05
5.369799999999092e-05
5.341400000000163e-05
5.3515000000003976e-05
5.3349000000008084e-05
5.387799999999332e-05
5.350600000000871e-05
5.341200000000268e-05
5.7329000000008734e-05
5.3294999999994874e-05
5.3376999999993346e-05
5.344799999999761e-05
5.316800000000621e-05
5.358899999999278e-05
5.3350999999993154e-05
5.3339999999998944e-05
5.332199999999454e-05
5.352200000000029e-05
5.3357000000003874e-05
5.326599999999626e-05
5.327700000000435e-05
5.324799999999186e-05
5.347899999999517e-05
5.327800000000382e-05
5.3238000000011e-05
5.335199999999263e-05
5.349300000000168e-05
5.336399999998631e-05
5.337799999999282e-05
5.392499999999634e-05
5.319000000000851e-05
5.365599999999915e-05
5.315999999999654e-05
5.336200000000124e-05
5.326099999999889e-05
5.346800000000096e-05
5.3233999999999226e-05
5.328599999999961e-05
5.3540000000004695e-05
5.3322999999994014e-05
5.335800000000335e-05
5.338099999999124e-05
5.336100000000177e-05
5.351599999998957e-05
5.349400000000115e-05
5.352399999999924e-05
5.32750000000054e-05
5.334499999999631e-05
5.3474999999997275e-05
5.350699999999431e-05
5.3540000000004695e-05
5.3339999999998944e-05
5.3464000000003065e-05
5.3880000000006145e-05
5.339499999999775e-05
5.331900000001e-05
5.3485999999991485e-05
5.331700000001105e-05
5.327400000000593e-05
5.336499999999966e-05
5.3405000000006364e-05
5.329200000001033e-05
5.327800000000382e-05
5.337599999999387e-05
5.3411000000003206e-05
5.328799999999856e-05
5.360799999999666e-05
5.3311999999999804e-05
5.327400000000593e-05
5.3249999999990805e-05
5.3231000000000805e-05
5.3235999999998174e-05
5.3179999999999894e-05
5.3657999999998096e-05
5.4089999999992755e-05
5.3565000000005414e-05
5.3467000000001486e-05
5.3744999999993937e-05
5.35140000000045e-05
5.322100000000607e-05
5.333599999998717e-05
5.349300000000168e-05
5.335199999999263e-05
5.3377000000007224e-05
5.351700000000292e-05
5.329899999999277e-05
5.339199999999933e-05
5.3418999999998995e-05
5.330600000000296e-05
5.354099999999029e-05
5.357000000000278e-05
5.334099999999842e-05
5.347099999999938e-05
5.3398999999995644e-05
5.3530999999995554e-05
5.331399999999875e-05
5.328899999999803e-05
5.693099999999618e-05
5.362600000000106e-05
5.3304000000004015e-05
5.349000000000326e-05
7.470800000000666e-05
5.328000000000277e-05
5.3501000000011345e-05
5.3627000000000535e-05
5.748500000000989e-05
5.3629999999998956e-05
5.3710999999997955e-05
5.35959999999891e-05
5.343400000000498e-05
5.3680000000000394e-05
5.328899999999803e-05
5.318399999999779e-05
5.769299999999755e-05
5.3492000000002204e-05
5.346200000000412e-05
5.338700000000196e-05
5.3401999999994065e-05
5.3565000000005414e-05
5.328200000000172e-05
5.344000000000182e-05
5.738100000000912e-05
5.820599999999121e-05
5.281899999999562e-05
5.350700000000819e-05
5.3933000000006004e-05
5.3147000000003386e-05
5.317400000000305e-05
5.2932999999991126e-05
5.292799999999376e-05
5.280300000000404e-05
5.262300000000164e-05
5.2980999999993617e-05
5.296899999999993e-05
5.2801000000005094e-05
5.280600000000246e-05
5.2861999999986864e-05
5.312600000000056e-05
5.303800000000525e-05
5.284399999999634e-05
5.269299999999255e-05
5.281000000000036e-05
5.289999999999462e-05
5.278300000000069e-05
5.294100000000079e-05
5.293599999998955e-05
5.2789999999997006e-05
5.160799999999466e-05
5.291099999998883e-05
5.1492000000000204e-05
5.297299999999783e-05
5.2273000000005454e-05
5.3307000000002436e-05
5.134800000000661e-05
5.287199999999548e-05
5.166699999999136e-05
5.325999999999942e-05
5.147500000000915e-05
5.286899999999706e-05
5.127800000000182e-05
5.274100000000892e-05
5.136399999999819e-05
5.346500000000254e-05
5.163100000001031e-05
5.784799999999923e-05
5.2238999999995595e-05
5.3728000000002885e-05
5.174900000000371e-05
5.303900000000472e-05
5.142399999999436e-05
5.280600000000246e-05
5.1325999999990435e-05
5.2985999999990985e-05
5.163999999999169e-05
5.29150000000006e-05
5.136399999999819e-05
5.304299999998874e-05
7.712799999999576e-05
5.3141000000006544e-05
5.164900000000083e-05
5.311800000000477e-05
5.141999999999647e-05
5.316799999999233e-05
5.150000000000987e-05
5.313299999999688e-05
5.15140000000025e-05
5.310700000001056e-05
5.15360000000048e-05
5.317599999998812e-05
5.1665999999991885e-05
5.3081999999995966e-05
5.1679999999998394e-05
5.27970000000072e-05
5.129800000000517e-05
5.303199999999453e-05
5.1405000000004364e-05
5.2959000000005196e-05
5.1449999999994556e-05
5.297599999999625e-05
5.1372000000007856e-05
5.312899999999898e-05
5.155199999999638e-05
5.291699999999955e-05
5.139199999999733e-05
5.422900000000286e-05
5.162599999999906e-05
5.287100000000988e-05
5.216999999999028e-05
5.3612999999994027e-05
5.2009000000005634e-05
5.356700000000436e-05
5.188100000000362e-05
5.353900000000522e-05
5.165299999999873e-05
5.301100000000558e-05
5.1456000000005275e-05
5.287599999999337e-05
5.254999999999843e-05
5.371800000000815e-05
5.610799999999916e-05
5.367700000000197e-05
5.19370000000019e-05
5.348399999999254e-05
5.209999999999937e-05
5.3825999999992935e-05
5.223199999999928e-05
5.3738999999997095e-05
5.1974999999995775e-05
5.329299999999593e-05
5.25180000000014e-05
5.347999999999464e-05
5.173199999999878e-05
5.3477999999995696e-05
5.206299999999109e-05
5.3752999999989726e-05
5.205900000000707e-05
5.320999999999798e-05
5.1718999999991744e-05
5.362199999998929e-05
5.2289999999996506e-05
5.359200000000508e-05
5.2093000000003054e-05
5.364499999999106e-05
5.192499999999434e-05
5.357999999999752e-05
5.208600000000674e-05
5.359400000000403e-05
5.207799999999707e-05
5.3893999999998776e-05
5.6281000000005243e-05
5.343500000000445e-05
5.1961000000003144e-05
5.3113999999993e-05
8.439400000000152e-05
5.343200000000603e-05
5.1547999999998484e-05
5.380200000000557e-05
5.1629999999996956e-05
5.354600000000154e-05
5.151100000000408e-05
5.288600000000199e-05
5.126700000000761e-05
5.298800000000381e-05
5.1266999999993734e-05
5.294599999999816e-05
5.139799999999417e-05
5.293800000000237e-05
5.219300000000593e-05
5.4223000000006016e-05
5.623999999999907e-05
5.315999999999654e-05
5.192300000000927e-05
5.3710999999997955e-05
5.351299999999115e-05
5.378900000001241e-05
5.2426999999993784e-05
5.3971999999999354e-05
5.149100000000073e-05
5.368499999999776e-05
5.246600000000101e-05
5.3469999999999906e-05
5.185800000000185e-05
5.356600000000489e-05
5.217400000000205e-05
5.375999999999992e-05
5.211199999999305e-05
5.3812000000000304e-05
5.2274999999990523e-05
5.356200000000699e-05
5.207800000001095e-05
5.369599999999197e-05
5.688399999999316e-05
5.374099999999604e-05
5.215899999999607e-05
5.3839999999999444e-05
5.2175000000001526e-05
5.346900000000043e-05
5.215100000000028e-05
5.358399999999541e-05
5.2095000000002e-05
5.3670999999991253e-05
5.249700000001245e-05
5.350099999999747e-05
5.248499999999101e-05
5.344799999999761e-05
5.143400000000298e-05
5.2916000000000074e-05
5.135800000000135e-05
5.340300000000742e-05
5.1258999999997945e-05
5.2845999999995286e-05
5.137199999999398e-05
5.295699999999237e-05
5.1452999999992977e-05
5.29959999999996e-05
5.120100000000072e-05
5.2773000000005954e-05
5.154599999999954e-05
5.2893999999997776e-05
5.138400000000154e-05
5.282600000000581e-05
5.143000000000508e-05
5.293200000000553e-05
5.204699999999951e-05
5.353599999999292e-05
5.190600000000434e-05
5.3761999999998866e-05
5.193800000000137e-05
5.3697000000005324e-05
7.321899999999937e-05
5.36390000000081e-05
5.1777999999988444e-05
5.3721999999992165e-05
5.189599999999572e-05
5.382500000000734e-05
5.205199999999688e-05
5.37759999999915e-05
5.212599999999956e-05
5.38929999999993e-05
5.2063000000004966e-05
5.382099999999557e-05
5.214900000000133e-05
5.382600000000681e-05
5.218800000000856e-05
5.395299999999548e-05
5.201299999998965e-05
5.3616000000006325e-05
5.1738000000023376e-05
5.347999999999464e-05
5.196499999998716e-05
5.360900000001001e-05
5.1957999999990845e-05
5.363699999999527e-05
5.189999999999362e-05
5.4144000000005965e-05
5.376600000001064e-05
5.405799999999572e-05
5.6528000000000134e-05
5.3296000000008226e-05
5.155500000000868e-05
5.312799999998563e-05
5.141000000000173e-05
5.322700000001679e-05
5.1378000000018575e-05
5.311200000002181e-05
5.1341000000010295e-05
5.762900000000348e-05
5.168499999999576e-05
5.30170000000163e-05
5.1491999999986326e-05
5.298200000000697e-05
5.1757999999985094e-05
5.362500000000159e-05
5.1859999999986917e-05
5.293500000000395e-05
5.179500000002113e-05
5.338599999998861e-05
5.1925000000008215e-05
6.925399999999082e-05
5.204500000000056e-05
5.3445000000013065e-05
5.183599999999955e-05
5.329899999997889e-05
5.1968999999985055e-05
5.363299999999738e-05
5.210799999999516e-05
5.352200000000029e-05
5.2021999999984914e-05
5.357400000000068e-05
5.18969999999952e-05
5.363099999999843e-05
5.207500000001253e-05
5.341200000000268e-05
5.193400000000348e-05
5.3469999999999906e-05
5.188200000000309e-05
5.353599999999292e-05
5.1933000000004004e-05
5.347999999999464e-05
5.5973999999986424e-05
5.382300000000839e-05
5.195699999999137e-05
5.3469999999999906e-05
5.2541000000017046e-05
5.367800000000145e-05
5.2210999999996455e-05
5.367100000000513e-05
5.648399999999554e-05
5.352499999999871e-05
5.1743000000020745e-05
5.3347999999980855e-05
5.188700000000046e-05
5.3426999999994784e-05
5.1973000000010705e-05
5.3645000000018817e-05
5.6159999999999544e-05
5.363699999999527e-05
5.188700000000046e-05
5.342700000002254e-05
5.189599999999572e-05
5.351300000000503e-05
5.20549999999953e-05
5.341799999999952e-05
5.1835000000000075e-05
5.3680000000000394e-05
5.182599999997706e-05
5.34150000000011e-05
5.2015000000016354e-05
5.3536999999992396e-05
5.1839999999997444e-05
5.354599999998766e-05
5.643199999999515e-05
5.343199999999215e-05
5.182500000000534e-05
5.3311999999999804e-05
5.189599999999572e-05
5.3426999999994784e-05
5.191000000001611e-05
5.3482999999993064e-05
5.222299999999014e-05
5.345400000000833e-05
5.194000000000032e-05
5.34360000000178e-05
5.211000000002186e-05
5.344999999998268e-05
5.2128999999984105e-05
5.381400000001313e-05
5.185300000001836e-05
5.3728000000002885e-05
5.206299999999109e-05
5.346200000000412e-05
7.167199999999485e-05
5.393500000000495e-05
5.172999999999983e-05
5.367000000000566e-05
5.19370000000019e-05
5.363999999999369e-05
5.179699999999232e-05
5.3621000000003693e-05
5.188500000000151e-05
5.3471999999998854e-05
5.184900000002046e-05
5.3474999999997275e-05
5.180999999998548e-05
5.7583999999999413e-05
5.189999999999362e-05
5.3277000000018226e-05
5.195699999999137e-05
5.3541999999989764e-05
5.202200000001267e-05
5.356600000000489e-05
5.184300000002362e-05
5.353999999999082e-05
5.1954999999992424e-05
5.3589999999992255e-05
5.19119999999873e-05
5.381099999998695e-05
5.2040000000003195e-05
5.33770000000211e-05
5.225200000000263e-05
5.340900000000426e-05
5.198200000000597e-05
5.353199999999503e-05
5.1941999999999267e-05
5.364399999999159e-05
5.175899999998457e-05
5.3471999999998854e-05
5.1786999999997585e-05
5.342399999999636e-05
5.182200000000692e-05
5.348499999999201e-05
5.1858000000015725e-05
5.34929999999878e-05
5.1730999999999305e-05
5.3586000000022116e-05
5.174899999998983e-05
5.352399999999924e-05
5.18190000000085e-05
5.354400000001647e-05
5.2095000000002e-05
7.555100000000703e-05
5.210299999999779e-05
5.3624000000002114e-05
5.2077000000011475e-05
5.348699999999096e-05
5.1925000000008215e-05
5.352999999999608e-05
5.1728000000000884e-05
5.362600000000106e-05
5.2016999999987545e-05
5.3682999999998815e-05
5.207900000001042e-05
5.359499999998962e-05
5.649700000001645e-05
5.367700000000197e-05
5.180499999998811e-05
5.359499999998962e-05
5.203199999997965e-05
5.370399999998776e-05
5.188999999999888e-05
5.373799999999762e-05
5.2010999999990704e-05
5.3875999999980495e-05
5.244599999998378e-05
5.3634999999996325e-05
5.245099999998115e-05
5.3672000000004605e-05
5.200399999999439e-05
5.3560000000008046e-05
5.2117000000018177e-05
5.3728000000002885e-05
5.184799999999323e-05
5.3765000000011165e-05
5.231899999999512e-05
5.373300000000025e-05
5.193400000000348e-05
5.357400000000068e-05
5.1850999999991654e-05
5.358099999999699e-05
5.1976000000009126e-05
5.359200000001896e-05
5.191499999998572e-05
5.364499999999106e-05
5.2103999999997264e-05
5.363099999999843e-05
5.2018000000014775e-05
5.362200000000317e-05
5.19370000000019e-05
5.352399999999924e-05
7.201499999998084e-05
5.341300000000215e-05
5.1943000000026496e-05
5.364399999999159e-05
5.62319999999894e-05
5.3549999999985554e-05
5.182500000000534e-05
5.363699999999527e-05
5.197899999997979e-05
5.34800000000224e-05
5.173199999999878e-05
5.355999999998029e-05
5.195500000002018e-05
5.7259000000003946e-05
5.202300000001214e-05
5.37139999999825e-05
5.19770000000086e-05
5.361100000000896e-05
5.1898999999994144e-05
5.3637999999994745e-05
5.175200000001601e-05
5.3400000000008996e-05
5.205299999999635e-05
5.369799999999092e-05
5.185599999998902e-05
5.367800000000145e-05
5.210799999999516e-05
5.3627000000000535e-05
5.1992000000000704e-05
5.3563000000006467e-05
5.185499999998955e-05
5.347699999999622e-05
5.212700000001291e-05
5.370700000001394e-05
5.1877000000005724e-05
5.410799999999716e-05
5.1766999999980357e-05
5.365900000001145e-05
5.194799999999611e-05
5.3832000000003655e-05
5.140200000000594e-05
5.287600000000725e-05
5.126500000002254e-05
5.292599999998093e-05
5.1283999999984786e-05
5.2773000000005954e-05
5.177000000000653e-05
5.286099999998739e-05
5.17939999999939e-05
7.797800000000632e-05
5.224300000000737e-05
5.311599999999195e-05
5.1904999999990986e-05
5.771999999998334e-05
5.181100000001271e-05
5.3058000000022476e-05
5.1043000000000616e-05
5.3346000000009663e-05
5.218299999998344e-05
5.331399999999875e-05
5.1631999999995903e-05
5.33159999999977e-05
5.161000000000748e-05
5.332000000002335e-05
5.1810000000013234e-05
5.387499999998102e-05
5.1954000000020706e-05
5.32169999999943e-05
5.1800999999990216e-05
5.3053999999996826e-05
5.18529999999906e-05
5.360199999998594e-05
5.1971999999983476e-05
5.3459000000005696e-05
5.227699999998947e-05
5.3515000000003976e-05
5.168499999999576e-05
5.349200000001608e-05
5.236499999999866e-05
5.3872000000010356e-05
5.216099999999502e-05
5.347299999999833e-05
5.198600000000386e-05
5.358899999999278e-05
5.2026000000010564e-05
5.332499999999296e-05
5.14739999999958e-05
5.3173999999989174e-05
5.1362999999998715e-05
5.284999999999318e-05
5.199899999999702e-05
5.3400000000008996e-05
5.167899999999892e-05
5.3360000000002294e-05
5.1741999999993515e-05
5.339200000001321e-05
5.190299999999204e-05
5.3583000000023695e-05
7.314099999999879e-05
5.382899999997748e-05
5.2203000000000666e-05
5.364900000001671e-05
5.1920000000010846e-05
5.7976999999986845e-05
5.2103999999997264e-05
5.365400000001408e-05
5.196300000001597e-05
5.351600000000345e-05
5.190099999999309e-05
5.3520000000001344e-05
5.1805000000015866e-05
5.379800000002155e-05
5.208100000000937e-05
5.363899999999422e-05
5.2120999999988316e-05
5.374399999999446e-05
5.2040000000003195e-05
5.366099999998264e-05
5.2077000000011475e-05
5.356200000000699e-05
5.199100000000123e-05
5.3325999999992435e-05
5.188999999999888e-05
5.36949999999925e-05
5.186400000001257e-05
5.3443999999985836e-05
5.19580000000186e-05
5.3645999999990535e-05
5.2058999999993194e-05
5.367000000000566e-05
5.2223000000017894e-05
5.353600000002068e-05
5.204999999999793e-05
5.3469999999999906e-05
5.1789999999996006e-05
5.348100000002187e-05
5.223000000001421e-05
5.347400000002556e-05
5.180900000001376e-05
5.3571000000002256e-05
5.193800000000137e-05
5.3624000000002114e-05
5.2098999999999895e-05
5.351700000000292e-05
5.638299999999319e-05
5.3400000000008996e-05
5.20739999999853e-05
8.160800000001078e-05
5.181200000001218e-05
5.336499999999966e-05
5.1936000000002425e-05
5.342099999999794e-05
5.670400000001852e-05
5.330199999997731e-05
5.201599999998807e-05
5.3619000000004746e-05
5.1887999999999934e-05
5.346000000000517e-05
5.1779000000001796e-05
5.3520000000001344e-05
5.193500000000295e-05
5.3717000000008674e-05
5.199699999999807e-05
5.3536999999992396e-05
5.2035000000005827e-05
5.361200000000843e-05
5.207800000001095e-05
5.3664000000008816e-05
5.189499999999625e-05
5.336999999999703e-05
5.1866000000011514e-05
5.3456000000007275e-05
5.227999999998789e-05
5.365400000001408e-05
5.21729999999887e-05
5.35730000000012e-05
5.217499999998765e-05
5.358599999999436e-05
5.215599999999765e-05
5.347899999999517e-05
5.207200000001411e-05
5.351700000000292e-05
5.195299999999348e-05
5.354099999999029e-05
5.1911000000015584e-05
5.356600000000489e-05
5.21160000000187e-05
5.359899999998752e-05
5.2035000000005827e-05
5.374800000002011e-05
5.21600000000233e-05
5.371300000001078e-05
5.208799999997793e-05
5.863000000000396e-05
5.1976000000009126e-05
5.355099999998503e-05
5.2223000000017894e-05
5.4064999999992036e-05
5.2026000000010564e-05
5.364799999998948e-05
5.592100000001432e-05
5.8285000000019016e-05
5.232699999999091e-05
5.344499999998531e-05
5.181200000001218e-05
5.3445000000013065e-05
5.1954999999992424e-05
5.3469999999999906e-05
5.196400000001544e-05
5.802099999999144e-05
5.2024000000011617e-05
5.356100000000752e-05
5.200199999999544e-05
5.3459000000005696e-05
5.205799999999372e-05
5.355099999998503e-05
5.18000000000185e-05
5.3341000000012295e-05
5.21980000000033e-05
5.3664999999980534e-05
7.692900000000336e-05
5.348499999999201e-05
5.1880000000004145e-05
5.344700000001201e-05
5.1901999999992565e-05
5.367400000000355e-05
5.223500000001158e-05
5.3429999999993205e-05
5.196399999998769e-05
5.342899999999373e-05
5.1877000000005724e-05
5.327999999998889e-05
5.204999999999793e-05
5.3376999999993346e-05
5.2195999999976594e-05
5.353599999999292e-05
5.204400000000109e-05
5.358399999999541e-05
5.187100000000888e-05
5.352200000000029e-05
5.198699999997558e-05
5.347999999999464e-05
5.2386000000015365e-05
5.341200000000268e-05
5.2016999999987545e-05
5.4097999999974666e-05
5.204899999999846e-05
5.344299999998636e-05
5.207499999998477e-05
5.372200000000604e-05
5.2080999999981614e-05
5.372600000000394e-05
5.214200000000502e-05
5.350700000000819e-05
5.205699999999425e-05
5.391500000001548e-05
5.19770000000086e-05
5.3477999999995696e-05
5.6187999999984806e-05
5.3672000000004605e-05
5.1850999999991654e-05
5.3973000000012705e-05
5.177700000000285e-05
5.384999999999418e-05
5.1805000000015866e-05
5.3802999999991163e-05
5.6344999999985435e-05
5.363899999999422e-05
5.328300000001507e-05
5.3725000000004464e-05
5.2085000000007264e-05
5.460900000001101e-05
5.2040000000003195e-05
5.355000000001331e-05
5.177800000000232e-05
5.315999999999654e-05
5.158900000001854e-05
5.3021000000014196e-05
5.16109999999792e-05
5.315100000000128e-05
5.151700000000092e-05
5.3130000000012334e-05
5.2103999999997264e-05
5.348600000001924e-05
5.1848999999992706e-05
5.3019999999986966e-05
5.138400000001542e-05
5.287399999998055e-05
5.184600000002204e-05
5.3501000000011345e-05
5.214200000000502e-05
5.774899999999583e-05
5.194599999999716e-05
5.357000000000278e-05
5.270099999998834e-05
5.310599999999721e-05
5.1469999999997906e-05
5.355900000000857e-05
5.2314999999997225e-05
5.927999999999489e-05
5.198500000000439e-05
5.3421999999997416e-05
5.1872000000008356e-05
5.3557000000009625e-05
5.1949999999995056e-05
5.364799999998948e-05
5.1810000000013234e-05
5.340700000000531e-05
5.175999999998404e-05
5.3731000000001305e-05
5.177700000000285e-05
5.34739999999978e-05
5.209700000000095e-05
5.3575999999999624e-05
5.1992000000000704e-05
5.348199999999359e-05
5.189499999999625e-05
5.3535000000021205e-05
6.895100000001153e-05
5.347099999999938e-05
5.16549999999838e-05
5.299000000000276e-05
5.130600000000096e-05
5.300099999999697e-05
5.6257000000004e-05
5.335100000000703e-05
5.218299999998344e-05
5.346600000000201e-05
5.192299999998151e-05
5.350699999998043e-05
5.18719999999806e-05
5.355000000001331e-05
5.3040000000004195e-05
5.3504000000009766e-05
5.2016999999987545e-05
5.374599999999341e-05
5.2040000000003195e-05
5.477200000000848e-05
5.186000000001467e-05
5.347699999999622e-05
5.1783999999999164e-05
