0.05467287599999998
0.05466779500000002
0.054741938000000046
0.054656893999999956
0.054668316999999966
0.054759759999999935
0.05465739200000008
0.054678142000000096
0.054705975999999934
0.054682898000000035
0.05465728900000011
0.05470830999999987
0.054840781999999866
0.054715387999999976
0.054727063999999936
0.054656680999999985
0.05467075900000018
0.05480261499999983
0.05463587599999986
0.05466527600000015
0.054710216000000145
0.05465080100000019
0.0546880759999997
0.0547171780000002
0.05468515900000037
0.054690581000000016
0.05482371999999991
0.05472586899999987
0.05467751399999976
0.05474458399999982
0.05464757900000006
0.05473519900000001
0.05473811099999981
0.054717919999999864
0.05475012700000015
0.054744480000000095
0.05470613600000007
0.05470475800000063
0.05473404200000065
0.05467156000000006
0.05470948299999989
0.05479241300000037
0.054702309000000504
0.054735381000000416
0.05471985999999962
0.05467352199999986
0.05470808799999993
0.05468961999999955
0.05468589799999979
0.0546682900000004
0.05475602700000071
0.054806063000000016
0.05473754099999972
0.054752185000000786
0.05468680499999934
0.054706163999999724
0.0548703030000004
0.05478783900000028
0.05469132200000004
0.054897840999999836
0.05469856199999956
0.054703586999999665
0.05476401700000011
0.05490921999999987
0.054707916999999995
0.054823803999999754
0.05467777900000037
0.05476086499999955
0.05487787000000033
0.0547806719999997
0.05473733500000044
0.05484780899999997
0.054676877000000346
0.05481792399999996
0.057157061999999925
0.05479773499999929
0.054685987000000935
0.054824200000000545
0.054693213000000185
0.0547261179999996
0.05486537600000041
0.0546748130000001
0.05471640300000047
0.05475736399999853
0.054753611000000646
0.05473713300000149
0.05491896300000043
0.054765619999999515
0.054826741999999484
0.05478422999999921
0.05470983499999882
0.05471303600000077
0.054716637999998596
0.054739607000000134
0.05467651400000051
0.054799072999999865
0.05468870199999998
0.054778457999999475
0.054969675000000606
0.05469598400000031
0.0547097670000003
0.05483409200000011
0.0546984479999999
0.054644970000000015
0.05487509399999979
0.05480382500000047
0.054741207999999375
0.05477911700000071
0.05475995499999975
0.054665254999999746
0.05473105499999953
0.05469035499999997
0.05475144599999915
0.05480490400000093
0.05470043699999927
0.05477781099999923
0.05477367399999977
0.054793566999999044
0.054704684000000725
0.05476544699999941
0.05468237300000034
0.05469400399999991
0.054805974000000646
0.05478758100000114
0.05488149299999989
0.054854545999999615
0.054732714000000016
0.05475871500000018
0.05486550800000067
0.05469797099999951
0.054690541999999454
0.05477533700000059
0.05474906900000143
0.05479089600000009
0.054784374999998775
0.054782585999999966
0.05468287899999957
0.054776404000000056
0.054723488000000486
0.05480910200000011
0.05677873499999997
0.05473651700000026
0.054750714000000755
0.054859057999999905
0.05469930599999984
0.05478658199999842
0.05485695899999854
0.0547538430000003
0.054742339000000584
0.05488944500000059
0.05475607500000024
0.054761703999997025
0.05477686300000073
0.05478888299999696
0.05264564399999827
0.054883791000001736
0.054856915000002004
0.05477395200000146
0.054852709999998694
0.0549113779999999
0.05471868399999735
0.05491202400000006
0.05497601799999785
0.05474260699999789
0.05492470800000149
0.05485170600000089
0.054980459999999454
0.0549353549999978
0.05493619000000294
0.054705028999997296
0.054947918999999956
0.05485775900000078
0.054714773000000605
0.05502529299999992
0.05482687199999958
0.0547476689999975
0.05483219699999964
0.05487998599999955
0.05471821800000143
0.05483372400000164
0.05496438499999812
0.05473993200000038
0.05486252799999747
0.05479078700000173
0.054745207999999934
0.054819013999999555
0.05484788600000101
0.05482350600000174
0.05484311900000094
0.05480908299999854
0.05475325100000106
0.0548726170000009
0.05488996000000057
0.0547249650000019
0.05483669099999844
0.05485580199999873
0.05478750900000051
0.054813563999999815
0.05481555900000146
0.05486019599999992
0.054832796999999545
0.054966187000001554
0.05472473400000055
0.0548578070000012
0.05483354900000137
0.05473802799999916
0.05480251300000205
0.05483036000000041
0.054804524000001464
0.0548119629999988
0.05485642400000046
0.0546968550000031
0.054886458000002136
0.05490049099999794
0.05495889499999862
0.054871318
0.054850748999999865
0.054750258999998636
0.054951054
0.054808599000001124
0.054743986999998384
0.054834960999997406
0.05484591299999764
0.05485974199999788
0.054860579999999715
0.0548400330000014
0.05475393300000064
0.05485563599999921
0.05485113299999966
0.054752563000000976
0.05490147900000153
0.054874190999999684
0.05481088399999834
0.05486236300000158
0.0548466310000002
0.054742664000002605
0.05480773200000044
0.05490067599999904
0.05475925400000037
0.05483888499999878
0.05483003599999847
0.05487802500000072
0.05479505799999984
0.0548584649999988
0.05484976099999983
0.05489827199999908
0.05490212200000144
0.054914861000000315
0.05479464399999756
0.054853341000001166
0.05480187700000272
0.054935132000000664
0.05486297899999926
0.05484376999999796
0.05483855199999965
0.05489170600000293
0.05489023700000217
0.05257271099999983
0.05472014700000116
0.05265914699999996
0.05466567499999897
0.052738288000000466
0.0548777460000025
0.05263167899999743
0.05473369300000286
0.05259810100000095
0.05471789299999941
0.05269975999999943
0.0547416829999996
0.05260594900000015
0.05472374000000002
0.05260210899999862
0.05472420299999925
0.05296448100000006
0.054820717000001906
0.052591879999997815
0.0547148540000002
0.05266690499999882
0.054764408000000486
0.052806875999998226
0.05485838199999904
0.05262002199999927
0.05482682899999958
0.05256844200000188
0.05468854300000103
0.05270500099999964
0.05472180900000012
0.0526707480000006
0.05492610299999967
0.05277826899999738
0.054754501999997984
0.05275220800000113
0.0548070329999959
0.052697013999996045
0.054819805000001054
0.05258970099999516
0.05472523799999607
0.05273369900000091
0.054732279000006656
0.052578887999999324
0.054811850000000106
0.05276614400000312
0.05483336300000019
0.05284590100000486
0.054744322000004786
0.05257316000000145
0.05476437299999759
0.052659634000001176
0.05485471499999761
0.052698794000001214
0.05489837000000364
0.05266657699999655
0.05471608500000258
0.052703126000004374
0.054668918000004396
0.05276618799999966
0.05473550699999663
0.052791752999993946
0.05477502099999754
0.05267370199999988
0.054765226000000666
0.05274175899999989
0.05479649399999431
0.05262486600000216
0.054849568000001625
0.05277840699999814
0.054804861999997456
0.052869631000000084
0.05472688199999709
0.052594759999998075
0.05475919700000276
0.052615067000004956
0.05471796700000198
0.052974286999997844
0.05474867500000613
0.052717530999998985
0.05484462100000087
0.05260959299999968
0.054772333999999034
0.05285581799999761
0.05473269900000588
0.05261195399999963
0.05473503500000021
0.05266042200000243
0.0546798860000024
0.05277410200000077
0.0549728399999978
0.052611882999997306
0.054839393999998265
0.05266638500000198
0.054715180000002306
0.052708393999999714
0.05485044400000305
0.05265167600000353
0.054721780999997804
0.05265831600000581
0.054730028999998126
0.05270391300000199
0.054876222000004304
0.052618422000001885
0.05503801199999714
0.05269339999999545
0.05469389099999944
0.05281036099999881
0.05473515899999626
0.05266620100000097
0.05474685499999765
0.05263153499999618
0.054689578000001404
0.0528075819999998
0.05489772100000323
0.052602505999999494
0.05476488800000112
0.05283738100000335
0.054830668000001026
0.05265888099999927
0.052651599000000715
0.05503622399999841
0.05259221099999678
0.05464483699999789
0.05288711099999688
0.05481913999999932
0.0526370930000013
0.05486398299999706
0.052806907000004344
0.05473875699999553
0.05281609100000395
0.05483621600000532
0.05265876800000058
0.05501783100000068
0.05265081399999616
0.054692910999996514
0.05271248599999723
0.05472326099999947
0.052610663000002944
0.05479503400000141
0.05255678700000033
0.054742851000000314
0.05276267800000056
0.05476323700000307
0.052745784000002516
0.0551244779999962
0.05260344900000291
0.054745701999998175
0.05285295599999529
0.0547617200000019
0.05263630400000352
0.05496434200000522
0.05263608599999969
0.054688327000000925
0.05278114499999731
0.05486920999999967
0.05260387599999916
0.05495909999999782
0.05266735100000375
0.05502622099999854
0.05272034600000097
0.05488571200000081
0.052745309000002294
0.054838337999996156
0.052658823999998106
0.0547347500000015
0.05286731600000394
0.05482942199999741
0.05268101299999728
0.05491510799999588
0.052636769000002914
0.05469708900000114
0.052686194000003184
0.05490470200000175
0.0526814970000018
0.05485920799999633
0.05263653200000107
0.05476744399999944
0.052842912000002684
0.05473813400000438
0.05268043599999572
0.054969623000005186
0.05263095799999462
0.05468968599999613
0.05274332900000189
0.05482164200000028
0.0526016460000065
0.05480791400000129
0.052631947999998374
0.054774879
0.05271477799999502
0.05485878299999314
0.05269063099999727
0.05483664199999794
0.05267286699999829
0.05478120100000439
0.05271286400000008
0.054715182999999
0.05261823800000087
0.05480293000000103
0.0526405479999994
0.05477930500000383
0.05273685499999914
0.05478983999999798
0.05270145699999773
0.0548479759999978
0.0525919330000022
0.05466521099999966
0.05276727900000111
0.054732149000003005
0.05272658799999874
0.05493297800000363
0.05259519100000176
0.054640963000004206
0.052718047999995576
0.05494519899999517
0.05257351000000199
0.05492928000000319
0.05276204100000115
0.05472273599999511
0.05276936700000334
0.05485509599999716
0.05263979199999369
0.05492279999999994
0.05260749199999992
0.05464655800000173
0.05278600199999772
0.054836741000002576
0.05270995800000122
0.05493921299999727
0.05262674000000089
0.05473989400000079
0.05298154900000185
0.05483506200000221
0.05260346999999399
0.054841151000005084
0.05256155899999726
0.054744976000002055
0.05285793099999836
0.05475403400000545
0.05260798899999486
0.0548873889999939
0.05259041299999723
0.05467466099999996
0.05285701300000056
0.054824273999997786
0.05261902899999882
0.054941568000003826
0.05265924799999766
0.05467215199999487
0.05282871800000066
0.054877225999995005
0.05257231200000234
0.054902048000002424
0.052643236000001536
0.05473227099999889
0.05278607900000054
0.054883829999994305
0.05270937999999603
0.05490288300000401
0.05260111799999834
0.054633134999996
0.052761796000005745
0.05506416699999761
0.05279146200000184
0.05491187599999847
0.05268695899999898
0.05477589600000243
0.05272461799999917
0.05474560199999701
0.052694424999998546
0.05494185100000237
0.05262790200000467
0.05479401000000195
0.05272490799999474
0.05481135599999476
0.052775626999995495
0.05487221099999573
0.05270143300000285
0.05473574599999864
0.05279029599999774
0.054737983000002544
0.05259760300000238
0.054861656999996455
0.05263988499999783
0.054728596000003904
0.0527268100000029
0.054806112999997936
0.05270055900000159
0.05494618000000173
0.05267388299999709
0.05476801399999687
0.05275064199999946
0.05479052700000153
0.05275055500000292
0.05489595899999955
0.052648853000000884
0.054756040000000894
0.05275539499999837
0.05479909000000305
0.05263895299999888
0.054834960000000876
0.05260283999999871
0.054733237000000656
0.052827394999994226
0.0548016990000022
0.052714348000002076
0.054814946999997005
0.052630555000000356
0.05472640500000381
0.05274018299999739
0.05478981200000277
0.05262131100000289
0.05491473799999369
0.052638450000003445
0.05498854100000017
0.05272454800000048
0.05481132899999608
0.05259515200000209
0.05492779899999789
0.05268319199999638
0.054743952000002594
0.05289003600000086
0.05475434399999557
0.05272351499999672
0.05488970000000393
0.05266326699999979
0.05472751199999948
0.05283579800000382
0.054844063999993864
0.0526673740000021
0.055089781999996035
0.05261646600000347
0.05479035399999077
0.05283449099999871
0.054801005000001624
0.0525767879999961
0.054926351999995404
0.05274024500000962
0.05475878999999395
0.052604207999991104
0.05263948199998936
0.054919787000002884
0.05264840600000298
0.054748480000000654
0.05284341899999845
0.05481448599999794
0.05264264599999535
0.05486213100000725
0.052643523000000414
0.0548231880000003
0.05282036100000198
0.05480258600000809
0.052656615000003626
0.054969053999997186
0.05259275800000296
0.05485191799999711
0.05276450399999533
0.054958814000002576
0.052604318999996735
0.05491504399999769
0.05259652800000936
0.05477931900000499
0.05271840099999281
0.05477770000000248
0.052698203000005606
0.05484245499999929
0.05258411500000193
0.05488279599998691
0.0527320279999941
0.05490195199999448
0.05261099400000546
0.054874058000009995
0.052581230000001256
0.0547197979999936
0.052727455999999506
0.054808511999993925
0.05269345000000669
0.05494061500000669
0.052595858999993084
0.05482602099999667
0.05286476199999868
0.05475768199998754
0.05262308199999666
0.05495591199999694
0.05267482399999324
0.05489858400000003
0.052781271999990054
0.0547953580000069
0.05262916299999176
0.05497398299999645
0.05262091899999177
0.05475526799999386
0.05318327899999531
0.054859910000004675
0.05271695500000817
0.05494748799999627
0.052723497999991764
0.05484673600000178
0.05269766199999992
0.054761455000004844
0.05268924000000652
0.05486815099999376
0.05273143599998775
0.05482480199999884
0.05274124000000313
0.05485760400000572
0.05262080800000035
0.054913544999990904
0.05262789599998996
0.05481283400000336
0.052794488000003525
0.054841009999989865
0.05264850700000068
0.05493121799999301
0.05265564899998765
0.05488751400000069
0.05285627199999965
0.05475849799999821
0.05261964299999988
0.05486082200000908
0.05273361999999793
0.05477911699999538
0.052740220999993426
0.054788336000001436
0.05259777200001281
0.054848585000002004
0.0526681789999941
0.05492364600000599
0.05280014999999594
0.05477616899999305
0.05258173099998942
0.05490316699999198
0.05259043599998847
0.0547395699999953
0.05280849800000453
0.054797639999989656
0.05281675800000585
0.054875887999997985
0.052708271000000195
0.054875335999994945
0.05289528000000132
0.054839791000006244
0.0527061290000006
0.05496128100000419
0.0526396480000102
0.05485647899999435
0.052724288999996816
0.05474105500000803
0.05271398899999724
0.054845616999998015
0.052799219000007724
0.05480900700000291
0.05274773200000027
0.05473848200000475
0.052608030000001804
0.054835332999999764
0.052695351000011215
0.05492652699999212
0.05281170299998905
0.05475896100000455
0.05267075599999771
0.05485739499999909
0.05274796499999468
0.05484329700000501
0.05273796399998787
0.054762264999993704
0.05262726399999451
0.05482160999999053
0.052652197000000456
0.054813715000008756
0.0527357459999962
0.05491625700000213
0.05262788699999987
0.054920770999999036
0.052587307999999666
0.054730527000003804
0.052722924999997645
0.05476007000000038
0.052634603000001334
0.05500994000000503
0.052626512000003345
0.05479144800000313
0.05279814899999735
0.054795003999998926
0.05258544299999812
0.05490788299999849
0.0525976800000052
0.05485667099999603
0.05290985300000273
0.05480771199999879
0.05275545499999623
0.05483637300000055
0.052608990999999605
0.05475469900000007
0.05283208500000569
0.054780485000009094
0.05270721000000833
0.05489206299999694
0.052607911999999146
0.05476381899998728
0.05278201400000171
0.05476406699999359
0.05260966200000894
0.05490867400000354
0.052656163999998284
0.05486256800000433
0.05274446999999327
0.054767320999999924
0.052699091000008025
0.05493390799999531
0.05262612599999272
0.054854925000000776
0.0526971900000035
0.054964381999994316
0.052589338000004204
0.05489654699999846
0.05265733199999545
0.05474535499999433
0.05280910800000527
0.054814800000002606
0.05279998000000319
0.0548424950000026
0.05277941200000669
0.05475367100000028
0.05277725000000544
0.054858557999992286
0.05271719400001018
0.05485096600000361
0.052656743000000006
0.054796041000003015
0.052770502999990754
0.05492553599999894
0.052909415000002014
0.05502890500000035
0.052828985999994416
0.05486557799999048
0.05279054599999711
0.0547863059999969
0.052718714999997474
0.0549426230000023
0.05273856899999885
0.05481037500000241
0.05288962599999536
0.05487516099999823
0.0527918829999976
0.05489410699999553
0.0527578349999942
0.05484303800000134
0.05276193699999965
0.05478755600000795
0.05283056099999328
0.054975373999994304
0.05280534899999623
0.055004290999988825
0.05282043699999406
0.05477766100000281
0.052766803000011464
0.05486239100000034
0.05291149600000722
0.05487342899999703
0.05265313200000321
0.052822731999995653
0.0549406769999905
0.05273266900000806
0.05478116199999761
0.05262149700000407
0.0547142129999969
0.052732126000009316
0.054693086000000335
0.05268712299999834
0.054812201999993704
0.05263681399999598
0.054703841999995007
0.05261723799999629
0.054756084000004535
0.05265844999999558
0.054738346999997134
0.05261575899999116
0.05473541599999976
0.052645584000003964
0.054754115000008596
0.05268082599999957
0.05483209099999442
0.05269268000000693
0.0547904740000007
0.05267345100000398
0.05482377100000235
0.05271953799999096
0.05485463899999843
0.05268133800001351
0.05478302899999221
0.05263572299999453
0.05485273100001109
0.05279790400000195
0.054779531999997744
0.05260808399999917
0.05471872600000438
0.05263031600000545
0.054677415999989876
0.052597158000011746
0.054754212000005964
0.05259972999999718
0.05475508600000012
0.052641551999997205
0.05474913499999445
0.052598999000011304
0.05475286499999754
0.05264848100000563
0.05479336999999873
0.05264026400000432
0.05469649999999149
0.05271844099999612
0.05475945800000659
0.052691791000000876
0.05473299800000575
0.05264086299999349
0.05483495200000732
0.05260946300001024
0.05480922300000657
0.052667694999996684
0.054700732000000585
0.05270683999999903
0.05469761599999856
0.052651088999994045
0.05489307199999871
0.052746867999999836
0.05471196599999928
0.05266701799999396
0.05478761799999177
0.05280256900000779
0.054781964000000016
0.05271892199999684
0.05483917200000121
0.052749715999993896
0.05474577799999736
0.05271748800001319
0.05479042600001094
0.05262547799999595
0.05477079599999968
0.05273333799999591
0.05480949800001156
0.05265698499999871
0.0548044590000103
0.052671052999997414
0.05472425100001033
0.05262609499999371
0.05485553900000184
0.052720807000000036
0.05475435900000036
0.052630935999999906
0.05467458399999714
0.0527117230000016
0.054779721000002723
0.052687599999998724
0.05485367500000393
0.052681012000007854
0.054730274999997164
0.05259147799999653
0.05466813599998943
0.05265170300000932
0.05481626399999584
0.05262271700000554
0.05470190700000899
0.05267701500000044
0.054823629999987133
0.05260892100000092
0.05477378700000202
0.052661028999992254
0.054752632999992557
0.05262893300000826
0.05489392400001236
0.05259995299999787
0.05475175499999807
0.05273287199999288
0.054699481000000105
0.05266569499998752
0.05476538700000333
0.052681914000004326
0.05485452300000304
0.052729872000000455
0.05485697099999243
0.052731250999997314
0.054779792000005045
0.052668396000001394
0.054751116000005595
0.0526985059999987
0.054765516000003345
0.05261779100000297
0.054772338999995895
0.052656757999997694
0.05476943099999687
0.052598938000002704
0.05470124700001122
0.052610504000000446
0.0548641889999999
0.0527199889999963
0.05486149499999726
0.052593911000002436
0.05475639700000556
0.05259115999999153
0.05475501699999086
0.05273140900000328
0.05485523399998726
0.05268168400000661
0.05479448399999853
0.05279997300000616
0.054774696000009726
0.05270020900000816
0.05485830300000316
0.052714514999991025
0.054768938999998795
0.05286697299999332
0.05479698799999255
0.05262892400000396
0.054762375999999335
0.052847438999990004
0.054781656000002954
0.05269258300000956
0.054722953999998936
0.05266337800000542
0.054880155000006425
0.0528230639999947
0.0547124839999924
0.05271704099999397
0.054670888999993394
0.05258636300000319
0.05488726299999769
0.05267482600000051
0.054713833000008094
0.05270335100000523
0.05466133900000614
0.05259912699999347
0.05474957199999153
0.05262711500000705
0.05470564899999886
0.052645952999995416
0.05468631200000118
0.05259961499999122
0.054878504999990696
0.052778875000001335
0.05480619000000786
0.05276186499999369
0.05474745400000813
