0.05639570399999996
0.053376140000000016
0.05460318999999997
0.054145318
0.05157516699999998
0.060876269999999955
0.047898679
0.04783896099999985
0.04781343299999996
0.04782186799999999
0.048070939999999895
0.04789853299999991
0.04788750500000005
0.04748887699999993
0.047835633000000044
0.04792516899999999
0.047706757999999905
0.047625640999999996
0.047590678000000164
0.047639604
0.047810564999999805
0.04766603099999989
0.047689269999999784
0.047701142000000196
0.04779172900000006
0.04781275000000029
0.04774862699999982
0.04764693100000006
0.0477385779999997
0.04771810299999979
0.047719141999999604
0.04765727799999997
0.04815542199999978
0.05095769799999994
0.0477921750000001
0.04772797700000009
0.04774585099999973
0.04781781599999979
0.04782285399999964
0.04783068000000057
0.047886225999999255
0.04766645100000044
0.047775754999999975
0.047888100000000655
0.04775042500000026
0.047765257000000005
0.04772601500000029
0.04774116200000034
0.047996388999999695
0.04784195799999935
0.04773275999999971
0.047683068999999634
0.04775273800000068
0.047642715999999474
0.04787403299999937
0.04779347200000039
0.04777715300000018
0.04780575599999981
0.04770449699999979
0.047606742000000146
0.047605332999999916
0.0476067389999999
0.047794134999999294
0.04777213099999944
0.04783605700000049
0.047749785999999794
0.047712281999999995
0.047691943000000236
0.047796840000000174
0.047593469999999805
0.04773459499999966
0.04769362700000013
0.04757990500000009
0.04776157600000008
0.047704879999999505
0.04759234199999973
0.04758126699999998
0.0478827070000003
0.047691869999999525
0.0476492240000006
0.04773040000000073
0.047661639999999394
0.047822521000000506
0.04782281700000013
0.047702759999999955
0.047758489999999654
0.04772557999999982
0.04788307399999958
0.047763493999999795
0.04781510699999991
0.047811675000000164
0.04805522399999873
0.04775694699999988
0.04778031700000085
0.04763037200000042
0.047677311000001055
0.047736876000000095
0.04766747500000079
0.04790493100000148
0.047804989000001186
0.04755000900000006
0.04763822800000028
0.04758008499999988
0.04777259099999931
0.04788172299999971
0.04779645700000046
0.047684791000000004
0.04770349400000029
0.0477706910000002
0.047676097000000084
0.04766148900000111
0.047695767000000444
0.04768481700000038
0.04763865299999992
0.04772696999999937
0.047767008999999305
0.0477017790000005
0.047781314999999935
0.047674927999999284
0.047734945000000195
0.04769337599999979
0.047749396999998694
0.04777477000000019
0.047763288000000514
0.047849011000000274
0.047677225000001044
0.047789067000000074
0.0477854200000003
0.047877551000000906
0.047855177999998944
0.04768350099999985
0.04764800999999963
0.04758394999999993
0.047685130999999714
0.04780162900000029
0.047714171999999166
0.04762115599999994
0.04766526800000115
0.04771821599999981
0.04763452499999943
0.04762819499999971
0.047844666999999674
0.04766925999999927
0.04763823800000111
0.047703895000001495
0.047693968999999115
0.04760377000000027
0.04769981000000101
0.04771963299999982
0.04780978100000155
0.047660153000000705
0.04761325599999999
0.04773321399999908
0.048042507999999984
0.04761179700000007
0.04788681600000011
0.046798045000000954
0.047699929000000196
0.04781245000000034
0.047739818000000156
0.04762855799999954
0.04775742499999858
0.047790302000001006
0.04759459599999971
0.04768033700000096
0.0477347469999998
0.04777964199999829
0.04778149099999851
0.04768759300000269
0.04774934799999997
0.04771828899999875
0.04777848600000212
0.047674745000001906
0.047905578999998255
0.047608028999999163
0.047777110000001954
0.04770750100000143
0.04774775699999978
0.04786031600000129
0.04782709799999907
0.04760244099999866
0.04780323299999978
0.047508666999998894
0.047952011999999655
0.0477529600000004
0.047732915999997516
0.04784477200000126
0.04780849599999826
0.04773615099999873
0.047722190000001774
0.04771815700000204
0.04791005999999953
0.047733885999999615
0.047767298000000125
0.047804284000001473
0.04779698500000151
0.04776425800000084
0.04770062600000102
0.04771784800000134
0.047716946999997845
0.047892774999997556
0.04780029300000166
0.047783745000000266
0.04769876000000295
0.047690119999998615
0.047670345000000225
0.04776065000000074
0.04759332200000088
0.04772134199999911
0.04771152400000034
0.04766373600000051
0.047721236000001
0.04753895700000044
0.047597114999998524
0.048000790999999765
0.04782926999999759
0.04771854000000175
0.04763761899999963
0.047758109000000104
0.047799413999999985
0.04791695199999779
0.047819969000002516
0.047627691999998945
0.04774509299999963
0.04784258799999819
0.047741368999997036
0.047649879999998035
0.04781385699999774
0.047596846000001136
0.04767829200000051
0.04822529500000172
0.04792047700000168
0.04796681399999869
0.047800680999998235
0.04767670700000082
0.04775004000000038
0.048047104999998425
0.04792460899999895
0.047797700000000276
0.04788154799999944
0.04775234699999942
0.0477945670000004
0.04766532200000029
0.04780847299999991
0.04799192599999813
0.04779393699999801
0.047756701999997375
0.047729119999999625
0.04756738399999705
0.04771501300000125
0.04777436200000196
0.04768921300000173
0.04769482900000099
0.04780548999999823
0.047784775000000224
0.047689298999998186
0.047877287999998686
0.046655778000001646
0.047640540999999814
0.04687381900000176
0.04763384400000348
0.04670252499999705
0.04759852000000109
0.046536562000000004
0.047903912999998965
0.04684939099999852
0.047774780999997546
0.04668293099999943
0.04767800199999783
0.0468164790000003
0.04768688900000129
0.04676881600000016
0.04769362899999763
0.046533708999998424
0.04781928399999913
0.04655514699999941
0.04765298999999956
0.04649917300000084
0.0477377689999976
0.04650816000000191
0.04767856800000203
0.04640050099999726
0.04767765400000101
0.04654790100000028
0.04777588399999999
0.046604623000000345
0.047806313999998906
0.04661986600000034
0.04776324799999898
0.04662051000000034
0.04779794499999923
0.04700399500000074
0.04784226099999955
0.046481138000000755
0.047618779000000444
0.04668277000000032
0.04772669799999818
0.04683406899999909
0.04769156000000052
0.04699074100000189
0.04784062000000233
0.0466743600000008
0.04786044900000164
0.04669475600000084
0.04795484599999966
0.04713578799999851
0.04768573599999826
0.04671744599999883
0.04771073799999925
0.04660893899999863
0.047814844000001244
0.046539729999999224
0.04778892699999915
0.04672673099999969
0.047832973000002
0.046406175000001326
0.047693858999998895
0.046687023000000494
0.04773313600000151
0.04701246899999845
0.0477797800000026
0.04691209799999996
0.0477757969999999
0.046606871999998134
0.0478699070000026
0.04652077100000085
0.047828586999997924
0.04681872000000098
0.04784121499999827
0.046778090000000105
0.04759681000000171
0.046529764000002416
0.04765589500000189
0.046685048000000506
0.04777143899999459
0.04663284399999412
0.04783158400000076
0.046612881999998024
0.047882846000000256
0.04677041600000109
0.04764397399999609
0.046795727999999315
0.04764601499999799
0.04682915100000429
0.04775287800000427
0.046656535000003885
0.047793460999997706
0.046684020999997244
0.04785992899999769
0.04675894100000022
0.04782188699999779
0.04653564299999857
0.04788163700000325
0.046731577999999274
0.04777678399999985
0.04688906399999837
0.04779591399999816
0.046697426999998015
0.047690568000000155
0.04689393700000011
0.04766304000000332
0.04662969700000019
0.047685936000000595
0.04652693100000249
0.04772964800000068
0.04647722200000004
0.047597574999997505
0.04660579099999751
0.04779708499999913
0.04663077399999338
0.04772402600000447
0.04659962699999909
0.0476647469999989
0.04699132799999717
0.047671558000004666
0.04652938899999981
0.04776379399999797
0.046844118999999296
0.04762986800000135
0.04695161400000103
0.047743777000000875
0.04655016899999964
0.0476212579999995
0.046509295999996425
0.0476248569999953
0.04668926699999787
0.047647560000001477
0.04679030900000214
0.04757874599999923
0.04653849000000321
0.04777169799999825
0.04669879399999388
0.04764089599999721
0.046725209999998185
0.04785095500000125
0.04656228300000009
0.04773924100000215
0.04670232499999827
0.04778150900000355
0.04674848500000195
0.047872771000001535
0.04703439500000428
0.04768946499999771
0.0466167830000046
0.04762941999999981
0.04664346799999919
0.04769161700000524
0.04665474099999756
0.04769951699999808
0.046657283000001826
0.047779737999995575
0.04651161600000364
0.04761750899999839
0.04668011500000091
0.047712740999998005
0.04672105899999934
0.047842477000003214
0.04668504200000001
0.04767737299999908
0.04657281400000102
0.04772886399999976
0.04670378700000555
0.047819367000002444
0.04645830799999828
0.04762449500000088
0.046787954000002685
0.04763021400000156
0.04671234300000293
0.04770081299999873
0.04638598799999727
0.04779141199999515
0.04684729999999604
0.047806074999996895
0.04662224599999831
0.047538885999998115
0.04654838399999761
0.047616348999994784
0.04660716700000478
0.04774212400000266
0.04656906499999991
0.047731917000000124
0.04661841299999736
0.04786119799999966
0.046576070999996944
0.047847385000004294
0.0466529949999952
0.047691904000004115
0.046619784000000664
0.04780500799999743
0.04647825300000363
0.04765276199999846
0.046521573999996235
0.04798718500000376
0.046604750999996725
0.04794463200000365
0.046746366999997235
0.04768127399999855
0.046656469999994954
0.047784767999999644
0.046637613999997996
0.04776719199999491
0.046670830000003605
0.04802438200000125
0.046538986999998144
0.04773753999999997
0.04683748000000065
0.047665485999999646
0.046482091000001446
0.04770357700000005
0.046577053999996565
0.04757353800000175
0.046749592000004725
0.04776614600000073
0.04668452499999631
0.04772878100000355
0.046837044999996635
0.047776034000001744
0.046657455999998376
0.04796593500000057
0.04653566700000056
0.04765989999999931
0.04677851799999644
0.04767864399999411
0.04653572600000189
0.04761986700000165
0.046619915999997374
0.04754328499999616
0.04686909099999781
0.04767907600000143
0.04652819700000066
0.047596508000005144
0.046523362999998596
0.04760216700000086
0.046896938999999804
0.047754772000004664
0.04663435300000174
0.04772426999999624
0.04651203000000237
0.047903228999999214
0.04677732899999398
0.04763489599999815
0.04672592499999695
0.04786427100000168
0.04663250600000168
0.047722538999998676
0.04662477099999762
0.04780981199999701
0.046816975999995236
0.04776030899999739
0.04660775800000039
0.047765781999999035
0.04674320999999537
0.04768802200000266
0.04655559000000409
0.04764524299999806
0.046580026000000885
0.04780043999999606
0.04653441299999628
0.047901547000002154
0.046956987000001504
0.047738248999998234
0.04657544700000216
0.047748956000006615
0.046667971999994506
0.047675656999999205
0.04702510599999954
0.04780382399999894
0.04648968099999706
0.04782532600000167
0.04679250699999926
0.047803926999996804
0.04646263699999764
0.047639820000000555
0.04650915599999905
0.04775258000000093
0.046616057000001376
0.047699532999999406
0.04659607199999982
0.04742576400000331
0.04665852299999784
0.04767367899999897
0.046552206999997736
0.04751021900000296
0.04648997700000024
0.047631883000001096
0.04674217200000186
0.04770550399999962
0.04666249299999947
0.04764260599999659
0.04648334899999895
0.047670181000000866
0.04662905499999681
0.04765821000000159
0.04667379100000346
0.04781679999999966
0.04664064099999621
0.04772890899999993
0.046729878000000724
0.047600805000001856
0.04663388299999838
0.047904039999998815
0.04660496599999675
0.047705180000001235
0.04655755699999986
0.04781561299999737
0.04669443500000625
0.04787619999999748
0.04658598299999994
0.04763971399999889
0.04667867099999512
0.047962348999995186
0.04674117599999761
0.04766114399999566
0.046712931999998375
0.04763879500000456
0.0466998440000026
0.047598014999998384
0.046705756999998016
0.04774232299999426
0.046695791999994185
0.047880648000003134
0.046674533999997436
0.04784267999999514
0.0466570130000008
0.04780666599999961
0.046533551999999645
0.04762766799999696
0.04679125100000192
0.0478448300000025
0.04653386300000051
0.04786878699999875
0.04648204899999797
0.04767706799999871
0.046563777000002915
0.04788133800000338
0.046739422000001696
0.047679305000002614
0.04653332699999879
0.0477078840000047
0.046747654000000693
0.0478155619999967
0.04662365799999435
0.04777452599999776
0.046712778999996374
0.04769478699999752
0.046700544000003674
0.04770850099999535
0.046573395000002904
0.04785530599999532
0.04649618100000197
0.047843886000002556
0.04696940299999852
0.04772385500000098
0.04663048899999467
0.047658112000000585
0.046626847000005966
0.047707768999998734
0.04660299200000395
0.04776561599999951
0.04671773999999829
0.047776885000004654
0.04672490700000509
0.047737572000002615
0.04664837500000374
0.04775049900000283
0.04687434899999943
0.04790624500000007
0.046837152000001936
0.04777223899999683
0.04660897900000549
0.04785542699999468
0.046595898999996166
0.047880499000001464
0.04658230300000099
0.04760689500000126
0.04657767999999862
0.04776606899999791
0.04682072599999998
0.04770378599999958
0.04677480400000178
0.04767319900000189
0.04658991899999876
0.04761804099999978
0.0468162709999973
0.04786676999999884
0.04654129699999743
0.04766139099999833
0.04678697399999976
0.04780670599999581
0.04692038400000342
0.04777039399999694
0.04661904200000322
0.04785049899999905
0.046790782000002196
0.047793855000001884
0.046842953999998826
0.04772363400000046
0.04654312799999616
0.04780566400000197
0.04647107200000278
0.04761589199999605
0.04645773099999673
0.047694606000000306
0.04674563599999715
0.04774145000000374
0.04669727499999965
0.047716248000000405
0.04667619199999962
0.04777294400000187
0.04670680099999913
0.04807241299999987
0.04665392999999085
0.047702180000001704
0.04659804899999642
0.04781821599999603
0.04652706000000251
0.04769777999999292
0.04664391100000387
0.047663334999995755
0.046628131000005624
0.04785688599999105
0.046679819999994265
0.04768969699999559
0.046591688999995995
0.04779183699999123
0.04732864499999323
0.047517769999998904
0.04660387399999877
0.0478048080000093
0.04650973400001135
0.047790016999996965
0.04663739000000078
0.047611907999993264
0.04651234700000373
0.04762398500000131
0.0465662950000052
0.04771077700000603
0.046701399999989235
0.04782958500000234
0.046786015999998654
0.04783264300000667
0.04657220299999665
0.04760561499999483
0.04673443199999383
0.04767009799999755
0.0470732639999909
0.04770060700001011
0.04654860499999813
0.047763338999999405
0.046681246999995096
0.04763814000000366
0.04670522800000754
0.04787761999999418
0.04671196799999677
0.04770445800001255
0.04656385599999169
0.04780320700000118
0.046730838000001995
0.04764669099999708
0.04679003399999715
0.047875707000002876
0.04675693400000114
0.04768734900000027
0.04673818700000254
0.04794693600000244
0.04684878400000514
0.047870772999999645
0.0467683720000025
0.047908354000000486
0.046798658999989584
0.047767581000002224
0.04715941599999951
0.04777567899999724
0.04677632899999651
0.0478148090000019
0.0467590749999971
0.047659558999995966
0.046498974000002136
0.04778671100000054
0.04670138400000212
0.04792731099999514
0.0467527099999927
0.04773256900000433
0.04682010800000569
0.04772015700000054
0.046865100999994524
0.047733606999997846
0.0464449229999957
0.047767116999992254
0.04641718599999933
0.047760220000000686
0.04648430700000006
0.047665120999994315
0.046861101000004624
0.04775488999999311
0.04659156900000028
0.047771111000002975
0.046510269999998854
0.04789825199999598
0.046723335000010024
0.04780609699999161
0.04678319600000691
0.04782233899999255
0.04679183700000067
0.047678249000000505
0.04663904599999569
0.0476523009999994
0.04671789500000045
0.04771005799999273
0.04664049499999123
0.04770011499999782
0.04681625700000325
0.04770160000001056
0.046803306000001044
0.047793867999999406
0.04661578300000713
0.04790345400000717
0.04657330599999909
0.04768620500000509
0.04676519900000642
0.047729605000000674
0.0465849229999975
0.047687510999992355
0.04659670600000254
0.04771527500000161
0.04663303099999894
0.04769846099999597
0.046675251000010576
0.04769185500001072
0.046516049999993925
0.04793267600000206
0.04686532899999918
0.04776024000000234
0.0469003540000017
0.04776889200000767
0.04651379700000291
0.04775977600000658
0.04641766600001063
0.04767347099999597
0.04673620400001255
0.04775745699998879
0.046694777999988446
0.04767066500001249
0.04655928600000436
0.047821138000003316
0.04687412500000221
0.047846568999986516
0.046663839999993684
0.04777063500000622
0.04668715399999712
0.04778113099999359
0.04655673799999249
0.047706321000006824
0.04650373299999444
0.047750041000000465
0.04663388000000168
0.04771448399999656
0.04672371600000247
0.047528428000006784
0.04676950099999999
0.04777709100000038
0.04654554599999017
0.04765847800000245
0.04648226499999453
0.04774308700000063
0.04674519499999974
0.04768951500000185
0.046740489999990587
0.04762026899999228
0.04682699199999263
0.0477620870000095
0.04667798399999867
0.04788702899999464
0.04680405999999948
0.04767920499999434
0.046627317999991647
0.04759928499998978
0.04640821399999595
0.04766994499999555
0.046711896000005027
0.04773119100001111
0.04674379899999792
0.04774214900000118
0.04642064399999413
0.0476412380000113
0.04687736799999698
0.047748730999998656
0.04655524600001115
0.04770255699999382
0.04669464699999537
0.047918054999996684
0.04676024000001178
0.047897737999988976
0.0466150600000077
0.04783046800000079
0.046778949000000125
0.04780186200000003
0.04662781700000096
0.04791475499999365
0.046654328000002465
0.04764089800001159
0.04678844900000456
0.047583402000000774
0.046688891000002286
0.047768599000008294
0.04652235599999699
0.04784761000000515
0.046753051999999684
0.0478555010000008
0.046947043000002964
0.04787482100000773
0.046930649000003655
0.04775423300000625
0.04670880999999838
0.047807030000001305
0.04655862399999933
0.04786597199999676
0.04658680400000037
0.04780671400000358
0.04651687400000526
0.04767784099999517
0.046572553999993715
0.04781538899999305
0.04644394599999657
0.04761965400000179
0.04660769299999856
0.04772016699999426
0.04671078899998804
0.047685085000011895
0.04670198200000186
0.04776717000000019
0.04707499200000598
0.04783516199999838
0.04669155599999897
0.04773369599999455
0.046768185999994216
0.04783590899999979
0.04681455799999412
0.04768474200000128
0.04648001699999327
0.047778762999996616
0.046572652999998354
0.0476594619999986
0.04663346099999899
0.04780110999999465
0.04666826300000082
0.04804140099999188
0.04678790100000185
0.04789767699999459
0.04672001699999839
0.04767625700000622
0.04666886399999726
0.04772498200000541
0.046635321000010777
0.04778972200000453
0.04663950900000202
0.04769524900000022
0.046616878999998335
0.047704889000002026
0.046750459999998384
0.04765462200001025
0.046534717000000114
0.047692053000005785
0.0465526159999996
0.04781996799999888
0.046908555000001684
0.047712227000005214
0.046457682000010436
0.04773174400000357
0.04664455099999998
0.04771128299999816
0.04685844399999439
0.04773882799999285
0.0467923399999961
0.04776369500000044
0.04681609299998968
0.047736130000004096
0.04657749200001149
0.04772714799999278
0.046891268999999625
0.04786514299999567
0.04677744500000358
0.047736041999996814
0.04691269199999226
0.04767533099999355
0.046607508000008124
0.04780234900000835
0.04649756499999569
0.04790578900001208
0.04672759600001086
0.04769196200000181
0.04644476100000361
0.0477235589999907
0.04651408400000889
0.04777074499999401
0.046755906000001346
0.04782278900000847
0.046954335999998875
0.04766672200000244
0.047003424999999766
0.04768990499999859
0.04686077399999533
0.0478753069999982
0.04706201599999815
0.04768203900000856
0.04676931800000261
0.04786203899999464
0.04666516700000045
0.04756597200000101
0.046646007999996186
0.04773520000000531
0.04674674999999695
0.047792392999994604
0.04687899399999651
0.0476456359999986
0.04655873500000496
0.04785686499999997
0.04665304499999934
0.047630311999995456
0.046894352999999
0.04789228499998899
0.04666326999999626
0.04803616499999919
0.046564302000007274
0.047834264000002236
0.04654211800000496
0.04773008200000106
0.04667645399999287
0.047890098999999964
0.04670362400000272
0.04791388399999619
0.046628007999999
0.047648440000003234
0.046671623999998246
0.04779408400000307
0.0468717160000125
0.04772029699999791
0.04669839499999284
0.04776668399999551
0.04662538600000232
