6.0183000000005316e-05
4.6504000000002765e-05
4.544000000000076e-05
4.488699999999346e-05
4.483100000000212e-05
4.465500000000455e-05
4.33150000000021e-05
4.321600000000564e-05
4.301400000000094e-05
4.3334999999998514e-05
4.332799999999526e-05
4.33150000000021e-05
4.3164000000005254e-05
4.307500000000353e-05
4.322100000000301e-05
4.351400000000144e-05
4.328900000000191e-05
4.275299999999954e-05
4.3031999999998405e-05
4.2816000000001075e-05
6.145800000000035e-05
4.4348999999999084e-05
4.80360000000013e-05
4.8149999999996806e-05
4.467899999999886e-05
4.409999999999831e-05
4.43649999999976e-05
4.43779999999977e-05
5.4626999999994597e-05
4.451700000000086e-05
4.4376999999998223e-05
4.813700000000365e-05
4.49679999999994e-05
4.441599999999851e-05
4.435600000000234e-05
4.4647000000001824e-05
4.4139000000005535e-05
4.44679999999989e-05
4.454400000000053e-05
4.4191999999998455e-05
4.42159999999997e-05
4.4326999999996786e-05
4.417699999999941e-05
4.4454000000006266e-05
4.47250000000024e-05
4.420399999999908e-05
4.422100000000401e-05
4.419599999999635e-05
4.4171999999995104e-05
4.4274000000003866e-05
4.414600000000185e-05
4.467699999999991e-05
0.0002633889999999958
4.496300000000203e-05
4.4726000000001875e-05
4.589499999999719e-05
4.437899999999717e-05
4.464499999999594e-05
4.497400000000318e-05
0.0001927399999999968
4.62069999999995e-05
4.4462000000002055e-05
5.181699999999567e-05
4.597499999999671e-05
4.48280000000037e-05
4.476700000000111e-05
4.529999999999812e-05
5.40549999999973e-05
4.5204000000007016e-05
4.511000000000098e-05
4.4768000000000585e-05
4.465899999998857e-05
4.480700000000781e-05
4.441300000000703e-05
4.426600000000114e-05
4.475500000000743e-05
5.35769999999991e-05
4.504800000000586e-05
4.4953000000000354e-05
4.493300000001088e-05
4.447200000000373e-05
4.4295999999999225e-05
4.428900000000291e-05
4.4361000000006645e-05
0.002325072999999997
4.94180000000094e-05
4.5156000000004526e-05
4.461900000000962e-05
4.474399999999934e-05
4.4651999999992253e-05
4.4506999999999186e-05
4.4802000000010445e-05
5.268099999999887e-05
4.475300000000848e-05
4.4701000000008095e-05
4.42560000000064e-05
4.4382999999995065e-05
4.4117000000010176e-05
4.463999999999857e-05
4.442899999999861e-05
4.4473000000003204e-05
4.431100000000521e-05
4.430199999999607e-05
0.001961714999999989
5.103000000000746e-05
4.62529999999961e-05
0.0006509989999999993
4.680599999999646e-05
4.489800000000155e-05
4.4420000000003346e-05
4.9613000000003904e-05
5.041799999999652e-05
4.9383000000000066e-05
0.00035291699999999426
9.043799999999824e-05
4.5528999999988606e-05
4.511799999999677e-05
8.657900000000329e-05
0.0010612170000000032
5.302899999999611e-05
5.2345999999994786e-05
4.6083000000002317e-05
0.0009067840000000077
4.5998000000005423e-05
4.472700000000829e-05
0.00012483600000000317
4.7462000000011995e-05
4.499099999999423e-05
7.825200000000088e-05
4.4719999999998095e-05
4.468000000000527e-05
4.4511999999996554e-05
4.428899999998903e-05
0.0005299210000000026
5.1030999999993054e-05
4.6712000000004306e-05
7.443900000000947e-05
7.568300000000694e-05
6.96770000000041e-05
7.621900000000237e-05
9.471399999999575e-05
7.834100000000954e-05
7.192100000000257e-05
8.397000000000265e-05
0.0005360709999999991
4.671300000000378e-05
4.502499999999021e-05
5.0459000000002696e-05
4.554199999999564e-05
4.45359999999978e-05
4.505100000000428e-05
4.449400000000603e-05
4.438999999999138e-05
4.488800000000681e-05
4.451400000000938e-05
4.456499999999641e-05
4.4470000000004783e-05
4.4247999999996734e-05
4.427299999999745e-05
0.0007476349999999965
4.7182999999992314e-05
4.4716999999999674e-05
4.462900000000436e-05
4.441900000000387e-05
4.428900000000291e-05
4.424899999999621e-05
4.424199999999989e-05
4.4469999999990906e-05
4.4389000000005785e-05
4.738499999999701e-05
4.4912000000008057e-05
4.4562999999997466e-05
4.450999999999761e-05
4.4508999999998133e-05
4.484300000000274e-05
4.4382999999995065e-05
4.461199999999943e-05
5.4240000000010946e-05
4.4441999999991766e-05
4.465099999999278e-05
8.17299999999882e-05
0.00011576400000000431
4.561800000001115e-05
4.486699999999011e-05
4.460399999998976e-05
4.460600000000259e-05
4.438399999999454e-05
4.4671999999995604e-05
0.0001569250000000022
4.4448000000002486e-05
4.483400000000748e-05
4.467200000000948e-05
4.466000000000192e-05
4.464799999999436e-05
0.00017692800000000675
4.74400000000097e-05
4.5046000000006914e-05
0.00015184800000000997
4.4963999999994564e-05
4.4986999999996335e-05
4.4775999999996374e-05
4.4542999999994115e-05
4.477399999999743e-05
4.492999999999858e-05
4.4546000000006414e-05
4.4622000000008044e-05
4.438399999999454e-05
4.4519999999992343e-05
4.477299999999795e-05
4.456099999999852e-05
4.4722999999996516e-05
4.438399999999454e-05
4.394300000000462e-05
4.4316000000002576e-05
4.445000000000143e-05
4.5090999999997106e-05
4.4768000000000585e-05
4.512299999999414e-05
7.427799999999707e-05
4.479799999999867e-05
4.449699999999057e-05
4.490700000001069e-05
4.542700000000066e-05
5.084499999999381e-05
4.5209000000004385e-05
4.541600000000645e-05
4.475199999999513e-05
4.4997999999990546e-05
4.5044000000007967e-05
4.459199999999608e-05
4.7331999999997154e-05
4.500999999999811e-05
4.5474999999989274e-05
7.218999999999975e-05
7.791999999999522e-05
4.5473000000004205e-05
4.504499999999356e-05
4.449999999998899e-05
4.494499999999069e-05
4.510700000000256e-05
4.4827000000011163e-05
4.5382999999996065e-05
4.5175999999994e-05
4.470899999999001e-05
4.48150000000036e-05
7.755999999999041e-05
6.656400000000506e-05
4.4184000000002666e-05
7.595400000000307e-05
4.3277000000008226e-05
4.306699999999386e-05
4.357499999999015e-05
4.342599999999919e-05
4.350599999999871e-05
4.3452999999998854e-05
4.3274000000009805e-05
4.2886000000005864e-05
4.274599999999629e-05
4.317700000000535e-05
0.00016983800000000548
5.6027999999985756e-05
4.81979999999993e-05
4.464900000000771e-05
4.421599999998582e-05
4.50739999999783e-05
4.3533999999983974e-05
4.4311000000019085e-05
4.4874999999999776e-05
4.437900000001105e-05
4.377199999999748e-05
4.455899999999957e-05
0.00010233800000000737
4.491500000000648e-05
4.374700000001064e-05
4.450500000000024e-05
4.430400000002277e-05
4.498299999999844e-05
4.4133000000001754e-05
4.45139999999955e-05
4.3986999999995335e-05
4.4320999999986066e-05
4.38779999999972e-05
4.500000000001725e-05
4.260700000000006e-05
6.406099999997639e-05
4.64210000000187e-05
4.533599999997917e-05
4.404199999999414e-05
4.576700000000211e-05
4.418600000000161e-05
0.00014143499999999531
0.0001999879999999843
4.563399999998885e-05
4.423600000000305e-05
4.501100000001146e-05
4.434799999999961e-05
4.510900000001539e-05
4.3986999999995335e-05
4.7573999999994676e-05
4.3837999999990496e-05
4.4536999999983395e-05
4.344300000000412e-05
4.471000000000336e-05
5.214600000000291e-05
4.490200000001332e-05
6.34590000000157e-05
4.449100000000761e-05
4.395600000001165e-05
4.736099999999577e-05
4.392699999999916e-05
4.43309999999808e-05
4.409199999999558e-05
4.4072000000006106e-05
4.404899999999046e-05
4.4533000000013256e-05
4.3621999999993166e-05
4.4637000000014027e-05
4.386600000000351e-05
4.538700000000784e-05
4.333399999997822e-05
4.713700000000265e-05
4.430499999999449e-05
4.507000000000816e-05
4.429200000000133e-05
4.498000000000002e-05
4.423500000000358e-05
4.5445000000005065e-05
4.3295999999998225e-05
4.610899999998863e-05
4.388099999999562e-05
4.462599999999206e-05
4.470300000000704e-05
4.360900000000001e-05
4.234499999999919e-05
4.459300000000943e-05
4.444100000000617e-05
4.5243000000000366e-05
4.450000000000287e-05
4.5061000000012896e-05
4.386200000000562e-05
4.492700000000016e-05
4.3719999999997095e-05
4.4861000000007145e-05
4.4808000000007286e-05
4.450500000000024e-05
4.383699999999102e-05
4.460100000000522e-05
4.396000000000955e-05
4.47160000000002e-05
4.4602000000004693e-05
4.502700000000304e-05
4.401299999998165e-05
0.00016654000000002056
4.483299999999413e-05
0.0001245690000000188
4.455600000000115e-05
4.492999999999858e-05
4.623600000000505e-05
4.5455999999999275e-05
4.378899999998853e-05
4.43960000000021e-05
4.384800000001299e-05
4.5272999999984576e-05
4.4768000000000585e-05
5.816799999999733e-05
4.414099999999754e-05
4.534300000000324e-05
4.427900000000817e-05
4.4562999999997466e-05
4.4235999999975295e-05
4.436099999999277e-05
4.386600000000351e-05
4.4736999999989147e-05
4.4397000000001574e-05
4.340099999999847e-05
4.215700000001488e-05
6.484599999997953e-05
4.450000000000287e-05
4.4805000000008866e-05
4.434600000000066e-05
4.5103000000018545e-05
4.4508999999998133e-05
4.46759999999935e-05
4.4159000000015824e-05
4.481200000000518e-05
4.408999999999663e-05
4.5914000000008004e-05
4.46970000000102e-05
0.00019965899999999093
4.474399999998546e-05
4.528999999997563e-05
4.366499999999829e-05
4.470500000000599e-05
4.4080000000001895e-05
4.484799999998623e-05
4.444400000000459e-05
4.618800000000256e-05
4.3861000000006145e-05
4.516499999998591e-05
4.379300000001418e-05
4.568999999998713e-05
4.446499999999354e-05
4.8717000000003674e-05
4.495099999998753e-05
4.5176999999979595e-05
4.520900000001826e-05
4.549899999997664e-05
4.400699999998481e-05
4.543200000001191e-05
4.404199999999414e-05
5.66760000000055e-05
4.636399999999319e-05
5.702300000001714e-05
4.435099999999803e-05
4.607300000000758e-05
4.475199999998125e-05
4.6072000000008106e-05
4.498499999999739e-05
4.644900000000396e-05
4.450599999999971e-05
4.464400000001034e-05
4.442899999998473e-05
4.5021000000006195e-05
4.23939999999734e-05
4.715599999999265e-05
4.4367000000017365e-05
4.486600000000451e-05
4.3887999999991933e-05
4.531299999999128e-05
4.495000000001581e-05
4.4688999999986656e-05
4.3901000000012846e-05
0.00021898500000000487
4.47749999999969e-05
4.5440000000007696e-05
4.50109999999837e-05
4.497800000000107e-05
4.396700000000586e-05
4.4823999999998865e-05
4.383500000001983e-05
4.479699999998532e-05
4.384900000001246e-05
4.4522000000019046e-05
4.360600000000159e-05
4.5058999999986193e-05
4.4063000000010843e-05
4.543500000001033e-05
4.41939999999974e-05
4.438200000000947e-05
4.442400000001512e-05
7.451099999999933e-05
4.413400000000123e-05
4.516699999998486e-05
4.4123999999978736e-05
4.543000000001296e-05
4.428100000000712e-05
4.458200000001522e-05
4.348100000001187e-05
4.516100000001577e-05
5.711199999999805e-05
4.464900000000771e-05
4.46759999999935e-05
4.810900000001839e-05
4.4517999999993396e-05
4.4550999999976026e-05
4.3767999999999585e-05
7.545299999997535e-05
7.953800000001787e-05
5.846800000000596e-05
5.435400000000645e-05
6.253200000000403e-05
5.8048000000004984e-05
4.530499999999549e-05
4.429400000000028e-05
4.513700000000065e-05
4.4317999999987645e-05
4.51200000000096e-05
4.347099999998938e-05
4.4917000000005425e-05
4.386600000000351e-05
4.7134999999975946e-05
4.3864000000004566e-05
4.434799999999961e-05
4.353100000001331e-05
4.516900000001156e-05
4.583200000002341e-05
4.5261999999990365e-05
7.627800000001295e-05
0.00021607700000000896
5.431000000000186e-05
4.528999999997563e-05
4.4133000000001754e-05
4.51539999999917e-05
4.3892000000017584e-05
4.4395999999974345e-05
4.412600000000544e-05
4.464100000001192e-05
4.338399999997966e-05
4.449800000000392e-05
4.357599999998962e-05
4.469600000001073e-05
4.399000000002151e-05
4.4407999999995784e-05
4.343899999997847e-05
4.409900000001965e-05
4.387699999999772e-05
4.444400000000459e-05
4.380600000000734e-05
4.488300000002332e-05
4.7738999999991094e-05
4.572399999999699e-05
4.509800000002118e-05
4.4674999999994025e-05
4.501500000000935e-05
4.531000000002061e-05
4.3799000000011024e-05
4.515300000001998e-05
4.4255999999992524e-05
4.436499999999066e-05
4.809199999999958e-05
4.513100000000381e-05
4.431500000001698e-05
4.5205999999992086e-05
4.3927999999998635e-05
4.4704000000006516e-05
4.3615999999996324e-05
4.5056999999987246e-05
4.3755999999978146e-05
4.466599999999876e-05
4.4024000000003616e-05
4.4592999999981675e-05
4.637200000001673e-05
4.474599999998441e-05
4.4179999999977015e-05
4.45580000000001e-05
4.371899999999762e-05
0.0001102239999999921
5.8408000000009785e-05
4.4816000000003076e-05
4.3775999999995374e-05
4.467699999999297e-05
4.345199999999938e-05
4.4080000000001895e-05
4.3215000000013104e-05
4.427099999998463e-05
4.368699999998671e-05
5.495099999999753e-05
4.3618999999994745e-05
4.477999999999427e-05
4.348300000001082e-05
4.457100000002101e-05
4.3533999999983974e-05
4.453100000001431e-05
4.403699999999677e-05
4.4719999999998095e-05
4.345699999999675e-05
4.504300000002237e-05
4.388999999999088e-05
4.43580000000221e-05
4.3556999999999624e-05
4.4392000000004206e-05
4.355300000000173e-05
4.4074000000005054e-05
4.37749999999959e-05
4.401299999998165e-05
4.389700000001495e-05
4.446299999999459e-05
4.332800000000914e-05
4.448499999998301e-05
4.342699999998478e-05
4.45200000000201e-05
4.3392999999974924e-05
0.00022380599999999307
4.3816000000002076e-05
4.4496000000004976e-05
4.349800000000292e-05
4.42969999999987e-05
4.386000000000667e-05
4.484999999998518e-05
4.410899999998663e-05
4.451500000002273e-05
4.427900000000817e-05
4.461499999999785e-05
4.333400000000598e-05
4.432299999998501e-05
4.320300000001942e-05
4.376899999999906e-05
4.370699999997618e-05
4.452900000001536e-05
4.344700000000201e-05
4.4288000000003436e-05
4.3333000000006505e-05
4.4663999999999815e-05
4.3435999999980046e-05
0.00016580599999999057
4.434200000000277e-05
4.490299999998504e-05
0.00014094499999997567
0.00021648400000001677
6.392699999999141e-05
4.530199999999707e-05
4.372500000002222e-05
4.441199999999368e-05
4.498499999999739e-05
5.592699999998341e-05
4.438700000000684e-05
4.479000000001676e-05
4.400999999998323e-05
4.453700000001115e-05
4.3612999999997903e-05
4.4653000000005605e-05
4.3373000000013207e-05
4.539500000000363e-05
4.3797000000012076e-05
4.466200000000087e-05
4.383999999998944e-05
4.488499999999451e-05
4.337900000001005e-05
4.4094999999994e-05
4.423099999997793e-05
4.4653000000005605e-05
4.3573999999990676e-05
4.435099999999803e-05
4.344900000000096e-05
4.494799999998911e-05
4.355300000000173e-05
4.468100000001862e-05
4.398899999999428e-05
5.794000000000632e-05
4.2093999999992526e-05
4.384499999998681e-05
4.421199999998793e-05
4.515700000001788e-05
4.4581999999987465e-05
4.4181000000004245e-05
4.38000000000105e-05
4.419699999999582e-05
4.3648000000007237e-05
0.00024990399999999524
4.483999999999044e-05
4.511999999998184e-05
4.3525999999988185e-05
0.00021515199999999624
4.4111000000013334e-05
0.0002617739999999924
7.104700000001851e-05
7.087899999999592e-05
4.7063000000013844e-05
4.847200000002161e-05
4.360400000000264e-05
4.467399999999455e-05
4.330799999999191e-05
4.538000000001152e-05
4.363000000001671e-05
0.0001275189999999926
4.408399999999979e-05
4.4882999999995565e-05
4.404500000002032e-05
4.445200000000038e-05
4.3704999999977234e-05
4.448999999998038e-05
0.00021648399999998902
4.54170000000198e-05
4.401400000000888e-05
4.4530999999986554e-05
4.35579999999991e-05
4.442700000001354e-05
8.854099999999754e-05
4.492899999999911e-05
5.160499999998236e-05
4.510900000001539e-05
4.3914000000006004e-05
4.4247999999996734e-05
4.368500000001552e-05
4.488199999999609e-05
4.389300000001706e-05
4.45769999999901e-05
4.365900000000145e-05
4.453200000001378e-05
4.346299999999359e-05
4.497500000000265e-05
4.331600000001545e-05
4.494400000001897e-05
9.021399999997737e-05
4.502700000000304e-05
4.4189000000000034e-05
4.465900000000245e-05
4.4247999999996734e-05
4.494200000002002e-05
4.391100000000758e-05
4.473600000001743e-05
4.366000000000092e-05
4.5253999999994576e-05
4.4595999999980096e-05
4.497100000000476e-05
4.4034999999997826e-05
4.5370000000016786e-05
4.4511999999996554e-05
4.9805999999985584e-05
7.674600000001641e-05
5.307200000001511e-05
8.062400000000136e-05
7.099400000001865e-05
5.2997999999998546e-05
4.498599999999686e-05
4.461000000000048e-05
4.396700000000586e-05
4.4282000000006594e-05
4.431699999998817e-05
4.467300000002283e-05
0.00017182300000001538
4.573000000002159e-05
4.388099999999562e-05
4.4232999999976874e-05
4.386500000000404e-05
4.454500000000694e-05
4.406000000001242e-05
4.452600000001694e-05
5.5132999999985e-05
4.444100000000617e-05
4.3800999999982215e-05
4.4187000000001087e-05
4.389799999998667e-05
4.410799999998716e-05
4.721799999998777e-05
4.48800000000249e-05
4.430299999999554e-05
4.4474999999988274e-05
4.4256999999992e-05
4.426799999998621e-05
4.4002000000015196e-05
4.469400000001178e-05
4.396199999998074e-05
4.526599999998826e-05
4.375500000000643e-05
4.4872000000001355e-05
4.8309999999995856e-05
4.501600000000883e-05
4.387599999999825e-05
0.0001299459999999919
4.9106999999992684e-05
4.46570000000035e-05
4.4216999999985296e-05
4.4709000000003885e-05
0.00019519600000000858
4.499399999999265e-05
4.433100000000856e-05
4.5178000000006824e-05
4.4295999999999225e-05
4.5138999999999596e-05
4.397400000000218e-05
4.5138999999999596e-05
4.4106999999987684e-05
4.690699999998493e-05
4.448800000000919e-05
4.486000000000767e-05
4.370200000000657e-05
4.45139999999955e-05
4.3698000000008674e-05
4.4890000000019636e-05
4.486399999997781e-05
4.446599999999301e-05
4.372800000002064e-05
4.495200000001476e-05
4.375699999997762e-05
4.419700000002358e-05
4.377399999999643e-05
4.413399999997347e-05
4.3819000000000496e-05
4.4661000000001394e-05
4.3940000000020074e-05
4.440500000002512e-05
5.038400000001442e-05
4.500100000001672e-05
4.381700000000155e-05
4.454300000000799e-05
4.346599999999201e-05
4.4706000000005464e-05
4.351099999999608e-05
4.444599999997578e-05
4.3805000000007865e-05
4.4122000000007544e-05
4.385200000001088e-05
4.415099999999228e-05
4.3612999999997903e-05
0.00018163399999998608
4.395500000001218e-05
4.4869000000002934e-05
4.388899999999141e-05
4.450799999999866e-05
4.356099999999752e-05
4.416399999998544e-05
4.349100000000661e-05
5.282800000000476e-05
4.348600000000924e-05
4.4232999999976874e-05
4.396400000000744e-05
4.68990000000169e-05
0.00010194299999999323
4.493799999999437e-05
4.3869000000001934e-05
4.431899999998712e-05
4.364900000000671e-05
4.47560000000069e-05
4.490599999998346e-05
4.3011999999981176e-05
4.2402999999996416e-05
4.45980000000068e-05
4.408200000000084e-05
8.569399999999727e-05
4.758899999998678e-05
4.54170000000198e-05
4.3997999999989545e-05
7.472099999999982e-05
4.412900000000386e-05
4.46570000000035e-05
4.396900000000481e-05
4.458299999998694e-05
4.38929999999893e-05
4.470099999998034e-05
4.367299999999408e-05
4.4760000000004796e-05
4.4240000000000945e-05
4.480700000000781e-05
4.3629999999988955e-05
4.439500000000263e-05
4.382499999999734e-05
4.454000000000957e-05
4.539400000000415e-05
4.473299999999125e-05
4.408699999999821e-05
4.46319999999889e-05
4.395699999998337e-05
4.4412000000021434e-05
4.346799999999096e-05
4.4559999999999045e-05
4.335299999999598e-05
4.6858000000010724e-05
4.415899999998807e-05
4.4064999999982035e-05
4.3951000000014284e-05
4.4437000000008275e-05
4.3370000000014786e-05
4.4103000000017545e-05
4.36169999999958e-05
4.42969999999987e-05
8.272100000000782e-05
5.043300000001638e-05
4.44950000000055e-05
4.450000000000287e-05
4.384100000001667e-05
4.446700000002024e-05
4.4237000000002524e-05
4.477699999999585e-05
4.3565999999994887e-05
0.00013495900000001781
4.444900000000196e-05
4.490400000001227e-05
4.393700000002165e-05
4.4460000000023925e-05
4.390000000001337e-05
4.4215000000014104e-05
4.381400000000313e-05
4.440999999999473e-05
4.3626999999990534e-05
4.444600000000354e-05
4.3354999999994925e-05
4.430499999999449e-05
4.3238000000001e-05
4.459999999997799e-05
4.369799999998092e-05
4.627699999998347e-05
4.364300000000987e-05
4.463099999998943e-05
4.4098999999991895e-05
4.4645000000009816e-05
4.350000000000187e-05
4.4263000000016595e-05
4.56359999999878e-05
4.46169999999968e-05
4.359900000000527e-05
4.436499999999066e-05
4.382799999999576e-05
5.700100000000097e-05
4.377300000002471e-05
4.4420000000017223e-05
4.3917000000004425e-05
8.1990000000004e-05
4.542500000001559e-05
4.524399999999984e-05
4.3730999999991305e-05
4.4170000000010035e-05
4.350999999999661e-05
4.4440000000006696e-05
4.351899999999187e-05
4.4493000000006555e-05
4.38400000000172e-05
4.444300000000512e-05
4.343500000000833e-05
4.440699999999631e-05
4.365400000000408e-05
4.4013000000009406e-05
4.3663999999998815e-05
4.6583000000016694e-05
4.4029000000000984e-05
4.439000000000526e-05
4.400400000001414e-05
4.4628000000018764e-05
4.344300000000412e-05
4.434200000000277e-05
4.388500000002127e-05
4.423099999997793e-05
4.4277000000009226e-05
4.474700000001164e-05
4.4016999999979545e-05
4.49559999999849e-05
4.407500000000453e-05
4.504900000001921e-05
4.403899999999572e-05
4.45139999999955e-05
4.334500000000019e-05
4.465200000000613e-05
7.741600000002458e-05
0.0002565459999999964
4.349200000000608e-05
4.537799999998482e-05
4.429100000000186e-05
4.449400000000603e-05
4.408899999999716e-05
4.4277000000009226e-05
4.366899999999618e-05
4.3957000000011126e-05
5.3933000000006004e-05
4.621899999998624e-05
4.478799999999006e-05
4.630299999999754e-05
4.4752999999980725e-05
4.35790000000158e-05
4.665899999997669e-05
4.388999999999088e-05
4.5303000000024296e-05
4.422700000000779e-05
4.4794999999986373e-05
4.419899999999477e-05
4.4612999999998904e-05
4.3788000000016813e-05
4.438400000000842e-05
4.3709000000002884e-05
0.00020457699999998358
4.492999999999858e-05
4.491699999997767e-05
4.406800000000821e-05
4.462599999999206e-05
4.394400000001797e-05
4.452699999998866e-05
4.341300000001991e-05
4.4250999999995155e-05
4.3356000000022155e-05
4.5002999999987914e-05
4.379500000001313e-05
4.447300000001708e-05
4.4167000000011614e-05
5.6725000000007464e-05
0.00013614299999997748
4.755000000000731e-05
4.401100000001046e-05
9.956599999999538e-05
5.3005999999994335e-05
4.598000000000102e-05
4.4176999999978595e-05
4.42719999999841e-05
4.3770999999998006e-05
4.425300000002186e-05
4.459399999998115e-05
4.464400000001034e-05
4.359100000000948e-05
4.48400000000182e-05
4.366999999999566e-05
4.4288000000003436e-05
4.3538000000009625e-05
4.466999999999666e-05
4.392599999999969e-05
4.426399999998831e-05
4.376400000000169e-05
4.451699999999392e-05
4.334300000000124e-05
4.420199999999319e-05
4.338500000000689e-05
4.46359999999868e-05
4.39770000000006e-05
4.4651999999978376e-05
4.3808000000006286e-05
4.4128000000004386e-05
4.3567999999993834e-05
4.4412000000021434e-05
4.5656000000005026e-05
4.544700000000401e-05
4.3730999999991305e-05
4.424100000000042e-05
4.3637000000013026e-05
