0.00011585000000000067
8.759099999999798e-05
8.805399999999713e-05
8.975099999999903e-05
8.91160000000002e-05
9.182400000000424e-05
8.929399999999671e-05
8.886100000000258e-05
8.623599999999648e-05
4.78559999999989e-05
4.581499999999766e-05
4.571899999999962e-05
4.5629999999997894e-05
8.76340000000031e-05
8.675600000000033e-05
7.55929999999988e-05
0.00011970699999999668
8.242199999999866e-05
4.662099999999669e-05
4.544699999999707e-05
7.512300000000333e-05
4.6337999999999935e-05
4.5126999999998973e-05
4.490199999999944e-05
4.5646999999995885e-05
4.509800000000036e-05
4.519400000000534e-05
4.52839999999996e-05
7.875300000000085e-05
4.652399999999918e-05
4.5323999999999365e-05
4.49180000000049e-05
4.5004000000001265e-05
4.478599999999805e-05
5.578900000000053e-05
4.3572000000005606e-05
6.263699999999733e-05
4.582899999999723e-05
4.9588000000003185e-05
4.5458999999997696e-05
4.5121999999994666e-05
5.6120999999992316e-05
4.6470000000006784e-05
4.512899999999098e-05
8.742700000000103e-05
4.4580000000002395e-05
4.395999999999567e-05
4.3765000000001164e-05
4.345000000000043e-05
7.642900000000286e-05
8.6089999999997e-05
8.637999999999701e-05
8.032100000000819e-05
7.593399999999972e-05
7.945699999999112e-05
8.024500000000656e-05
8.220200000000344e-05
7.771799999999052e-05
8.586299999999158e-05
8.344899999999933e-05
0.0001107860000000016
9.002699999999253e-05
8.656699999999573e-05
9.008300000000469e-05
9.147900000000542e-05
9.110099999999621e-05
8.256500000000666e-05
8.913399999999072e-05
8.035999999998766e-05
8.097099999999913e-05
8.023000000000058e-05
8.145400000000858e-05
8.466399999999819e-05
8.287899999999404e-05
8.106900000000306e-05
0.00011306099999999764
9.005199999999325e-05
8.965599999999352e-05
8.850300000000366e-05
8.568300000000306e-05
8.28509999999949e-05
8.948400000000079e-05
8.128899999999828e-05
5.809699999999307e-05
5.69339999999946e-05
5.3426999999994784e-05
7.063999999999682e-05
5.474899999999283e-05
6.905499999999842e-05
5.460100000000134e-05
5.444599999999966e-05
5.4324000000008366e-05
5.365100000000178e-05
5.362500000000159e-05
5.457500000000115e-05
5.326400000001119e-05
5.438200000000559e-05
5.4078999999998545e-05
5.3228000000002385e-05
5.360400000001264e-05
5.29990000000119e-05
5.3487000000004836e-05
5.3420000000012346e-05
5.3274999999991524e-05
5.339499999999775e-05
5.202099999999932e-05
5.178299999999969e-05
5.130500000000149e-05
5.199300000000018e-05
5.367300000000408e-05
5.3515000000003976e-05
5.260099999999934e-05
5.1867999999996584e-05
5.186800000001046e-05
5.169900000000227e-05
5.167000000000366e-05
5.135100000000503e-05
5.2563000000005466e-05
5.790799999999541e-05
5.655999999999717e-05
5.649000000000626e-05
5.6495000000003626e-05
5.655000000000243e-05
5.774299999999899e-05
5.7034000000011353e-05
5.6683000000001815e-05
6.87139999999975e-05
5.480900000000288e-05
5.4068000000004335e-05
5.651900000000487e-05
5.64740000000008e-05
6.275999999999504e-05
5.759999999999099e-05
8.430200000000831e-05
9.314000000000544e-05
7.633999999999419e-05
8.484600000001341e-05
8.64170000000053e-05
8.681500000000397e-05
8.499599999998997e-05
8.829900000000002e-05
0.00010110299999999128
8.599599999999097e-05
8.849900000000577e-05
7.893200000000378e-05
9.428999999999688e-05
8.693299999999737e-05
8.612099999999456e-05
8.412099999999256e-05
9.172899999999873e-05
9.3270999999992e-05
8.630299999999591e-05
9.238500000000038e-05
8.327599999999324e-05
5.022600000000044e-05
4.5946999999990634e-05
4.520499999999261e-05
5.6683000000001815e-05
8.686400000000594e-05
8.771600000000157e-05
8.497300000000207e-05
8.390099999999734e-05
9.030900000001063e-05
9.077600000000074e-05
9.84879999999938e-05
8.639600000000247e-05
8.059100000000485e-05
7.921299999999465e-05
8.437899999999554e-05
8.365700000000087e-05
8.386299999998958e-05
8.24359999999913e-05
8.658699999999908e-05
9.108600000000411e-05
8.367300000000633e-05
8.812900000000623e-05
9.922299999999551e-05
8.858600000000161e-05
8.352400000000149e-05
8.607399999999155e-05
8.907900000000579e-05
8.570000000000799e-05
8.171399999999662e-05
8.661000000000085e-05
8.7865999999992e-05
8.434900000001133e-05
8.582800000001001e-05
7.939599999999547e-05
5.978000000000927e-05
4.582200000000092e-05
4.5046000000006914e-05
5.092600000000669e-05
4.7872000000004356e-05
7.32549999999943e-05
5.048000000000552e-05
4.9681000000009745e-05
4.551699999999492e-05
4.6785000000007515e-05
4.660899999998913e-05
4.624899999999821e-05
4.6313000000006155e-05
4.6265000000003664e-05
4.623599999999117e-05
4.619100000000098e-05
6.911199999999618e-05
8.88510000000009e-05
9.834999999999705e-05
8.749599999999247e-05
8.68109999999922e-05
8.087900000000592e-05
8.665700000000387e-05
8.673500000000445e-05
8.996399999999793e-05
8.837400000000217e-05
7.611600000000107e-05
7.835199999998987e-05
8.046199999998949e-05
6.584799999999336e-05
6.513700000000677e-05
9.141199999999905e-05
0.00010688300000000206
9.163199999999427e-05
8.20529999999986e-05
8.878799999999243e-05
9.838699999999145e-05
8.854399999999596e-05
9.054299999999849e-05
7.893300000000325e-05
8.462799999998938e-05
8.655400000000257e-05
7.44530000000021e-05
9.287100000000825e-05
9.966999999999615e-05
8.224300000000961e-05
7.419999999999649e-05
9.641399999998912e-05
0.00010920799999999953
8.900600000000258e-05
8.515100000000553e-05
8.87110000000052e-05
8.572099999999694e-05
0.00010138399999999603
8.705600000000202e-05
8.594600000000341e-05
7.720700000000968e-05
8.850199999999031e-05
9.136499999999603e-05
0.0001176870000000052
9.559300000000492e-05
8.09940000000009e-05
8.134399999999709e-05
8.442899999999698e-05
8.677199999999885e-05
8.616599999999863e-05
8.311399999999525e-05
8.85719999999951e-05
7.67109999999932e-05
7.946300000000184e-05
8.432199999999779e-05
8.37959999999971e-05
7.935700000000212e-05
0.00010960500000001261
8.891199999999655e-05
8.818600000000398e-05
0.0001032269999999974
8.643700000000865e-05
9.944499999998968e-05
8.291699999998792e-05
8.589900000000039e-05
8.895500000000167e-05
9.90649999999954e-05
8.64539999999997e-05
6.968900000001166e-05
7.633899999999472e-05
8.021200000001005e-05
7.954400000000084e-05
7.561900000001287e-05
6.953199999999715e-05
8.537100000000075e-05
9.0557000000005e-05
8.330099999999396e-05
8.684299999998923e-05
8.586599999999e-05
9.191199999999955e-05
9.278399999999853e-05
8.106600000000463e-05
8.377499999999427e-05
8.857099999999563e-05
9.159300000000092e-05
9.008400000000416e-05
9.039099999999523e-05
8.7170999999997e-05
8.74689999999928e-05
8.61150000000116e-05
8.197999999999539e-05
8.442300000000014e-05
8.615800000000284e-05
8.302099999998869e-05
8.751199999999792e-05
8.760099999999271e-05
8.295900000000744e-05
8.660300000000454e-05
8.987000000000578e-05
8.720500000000686e-05
8.256099999999489e-05
8.147000000000015e-05
8.482400000001111e-05
8.526300000000209e-05
8.794099999999416e-05
8.18949999999985e-05
0.00010635400000000295
8.355999999999641e-05
8.238499999999038e-05
8.502300000000351e-05
8.908500000000263e-05
8.350799999999603e-05
8.352300000000201e-05
7.569300000000168e-05
8.085200000000625e-05
8.232999999999158e-05
8.59500000000013e-05
8.26339999999981e-05
8.823800000000437e-05
8.004000000000344e-05
8.291500000000285e-05
0.0001045280000000065
8.636199999999261e-05
8.632499999999821e-05
9.026299999999321e-05
9.394299999999911e-05
8.049799999999829e-05
7.789999999999186e-05
7.750800000000391e-05
7.903100000000718e-05
8.574100000000029e-05
8.041100000000245e-05
8.535799999997984e-05
8.947400000000605e-05
8.558599999999861e-05
8.856800000001108e-05
0.00011440599999998358
8.373200000000303e-05
4.967100000000113e-05
4.613800000000112e-05
4.682300000000139e-05
8.026700000002274e-05
8.497700000001385e-05
8.417599999999137e-05
8.542000000000272e-05
8.442699999999803e-05
8.663999999999894e-05
8.579300000000067e-05
8.639099999999122e-05
8.454399999999196e-05
8.584200000000264e-05
8.524600000001104e-05
8.538599999999286e-05
8.588900000000566e-05
8.950399999999026e-05
8.863600000000305e-05
8.846199999998361e-05
9.603299999999537e-05
8.83180000000039e-05
8.697699999998809e-05
8.889000000000813e-05
8.763900000000047e-05
8.974500000000218e-05
8.446300000000684e-05
7.950200000000907e-05
8.103900000000497e-05
8.043899999998771e-05
8.924300000001661e-05
8.67540000000222e-05
4.842900000001649e-05
4.656899999999631e-05
9.897500000000115e-05
4.7591000000013484e-05
4.59770000000026e-05
4.489700000001595e-05
4.397100000000376e-05
4.517899999997854e-05
4.614499999999744e-05
7.618800000000481e-05
8.203600000000755e-05
8.150600000000896e-05
8.058699999999308e-05
8.59099999999946e-05
7.86529999999841e-05
8.455900000001182e-05
7.943299999998987e-05
0.00010295299999998897
0.00010888600000000248
6.96400000000097e-05
7.305700000001525e-05
7.806899999998618e-05
9.299399999998514e-05
8.252899999999785e-05
8.301799999999027e-05
8.51269999999904e-05
7.647099999999463e-05
8.505899999999844e-05
8.387700000000997e-05
8.382100000001169e-05
7.95899999999905e-05
8.171499999998222e-05
7.894299999999799e-05
8.84359999999973e-05
8.964799999999773e-05
0.00010648099999999161
8.885299999999985e-05
8.90319999999889e-05
8.249899999998589e-05
8.301399999999237e-05
7.869399999999027e-05
8.925699999998149e-05
8.565699999998899e-05
7.999799999999779e-05
7.590200000001657e-05
8.576799999998608e-05
8.642999999999845e-05
8.675999999999129e-05
8.692500000001546e-05
9.242300000000814e-05
0.00010925000000000518
8.988199999998558e-05
8.717699999999384e-05
8.979900000000152e-05
8.455499999998617e-05
8.98149999999931e-05
8.57559999999924e-05
8.139099999998622e-05
8.149699999998594e-05
9.053400000000322e-05
8.563600000000005e-05
8.766599999998625e-05
9.787299999999832e-05
8.886899999999143e-05
8.561000000001373e-05
8.686699999999048e-05
8.894099999998129e-05
8.63769999999986e-05
0.00013344200000001138
8.965999999999141e-05
8.99980000000078e-05
8.447999999999789e-05
8.826099999997838e-05
8.29289999999816e-05
8.280700000001806e-05
0.00010069200000001333
8.731100000000658e-05
8.636199999997873e-05
8.720300000000791e-05
0.0001104470000000135
8.448899999999315e-05
9.856100000002477e-05
7.915000000000005e-05
9.074900000000108e-05
8.735099999998552e-05
0.00010455599999997789
8.895100000000378e-05
9.160699999999355e-05
8.030900000000063e-05
8.611899999999562e-05
8.2513999999978e-05
9.789600000001397e-05
8.859299999999792e-05
8.719599999998384e-05
8.641500000000635e-05
8.465699999998799e-05
7.420799999999228e-05
6.797399999999842e-05
7.646999999999515e-05
8.061000000000873e-05
9.486199999997336e-05
9.048600000000073e-05
9.19940000000119e-05
8.424000000001319e-05
8.168799999999643e-05
8.786799999999095e-05
8.642499999997333e-05
8.736700000000486e-05
8.746199999998261e-05
8.75710000000085e-05
8.979199999997745e-05
8.806299999999934e-05
8.831100000000758e-05
8.707399999999255e-05
9.233200000000052e-05
7.994899999999583e-05
0.000103638000000017
8.853799999999912e-05
0.00011415900000000256
6.813899999999484e-05
7.449500000000775e-05
8.325400000000482e-05
8.500599999999858e-05
8.16049999999846e-05
8.152499999999896e-05
8.545199999998587e-05
8.679699999999957e-05
8.285900000001845e-05
8.293900000000409e-05
8.934499999999068e-05
8.997499999999214e-05
8.808500000001551e-05
9.234500000002144e-05
8.9170999999999e-05
8.743999999999419e-05
8.328999999998588e-05
8.890800000002641e-05
8.752200000000654e-05
8.153599999999317e-05
8.158000000002552e-05
8.50340000000116e-05
8.868299999997831e-05
8.94909999999971e-05
7.824100000000667e-05
9.182399999999036e-05
8.072500000000371e-05
7.846200000000136e-05
0.00010746000000000366
8.336700000000086e-05
0.00010060700000000256
8.695999999999704e-05
9.995100000001478e-05
8.84090000000115e-05
8.864699999999726e-05
0.00010012500000000646
7.967999999999864e-05
8.879100000000473e-05
8.25370000000214e-05
7.549200000001033e-05
7.737400000001893e-05
0.00011087099999998462
8.962900000000773e-05
9.070299999999754e-05
8.344199999998914e-05
7.964800000001548e-05
7.592800000000288e-05
8.569799999999517e-05
8.075700000001462e-05
7.905599999999402e-05
9.352699999998215e-05
8.93690000000058e-05
8.790300000000029e-05
8.360599999998608e-05
8.521699999999854e-05
8.685699999999574e-05
8.794599999997765e-05
7.97519999999885e-05
8.866399999998831e-05
9.095100000000578e-05
9.180500000000036e-05
8.897700000001785e-05
8.841100000001045e-05
8.895200000000325e-05
8.215999999999779e-05
8.822699999999628e-05
9.181699999999404e-05
9.143400000000135e-05
9.158700000000408e-05
9.177599999998787e-05
8.997899999999004e-05
9.131699999997966e-05
8.965799999999247e-05
8.438099999999449e-05
8.27770000000061e-05
7.91559999999969e-05
4.847599999999175e-05
4.656899999999631e-05
4.557799999999057e-05
4.666600000000076e-05
4.5397000000002574e-05
4.625799999999347e-05
4.53899999999785e-05
8.046100000000389e-05
4.643699999998252e-05
4.6519999999994344e-05
7.70930000000003e-05
8.021699999999354e-05
8.604800000000523e-05
9.090300000000329e-05
9.094700000000788e-05
0.00012226500000001028
0.00011381199999999092
0.00011440200000001344
9.87859999999896e-05
0.00011203900000000822
7.962200000000141e-05
8.73690000000038e-05
8.932799999999963e-05
8.005399999999607e-05
4.522200000001142e-05
4.526400000001707e-05
8.313399999998472e-05
5.300399999999539e-05
4.478700000001834e-05
4.64929999999808e-05
4.538700000000784e-05
4.648699999998396e-05
7.697700000000585e-05
8.265499999998704e-05
8.438999999998975e-05
8.795899999999857e-05
8.666599999998525e-05
8.46929999999968e-05
8.698399999998441e-05
8.86340000000041e-05
7.864499999998831e-05
7.85749999999974e-05
7.960799999998103e-05
7.888600000000023e-05
7.880100000001722e-05
8.366599999998225e-05
8.362100000000594e-05
8.189200000000008e-05
0.00010344100000000966
8.350799999998215e-05
8.320800000000128e-05
7.995900000001832e-05
8.353100000002556e-05
9.058199999997796e-05
8.259800000001705e-05
0.00010886200000001511
9.095300000000472e-05
0.00011616600000000088
8.936600000000738e-05
0.00010839099999998547
9.07880000000083e-05
9.428599999999898e-05
9.235300000001723e-05
9.297799999999357e-05
9.991100000000808e-05
6.937300000001145e-05
6.951000000002261e-05
7.933800000001212e-05
7.845200000000663e-05
0.0001065100000000041
9.286000000000016e-05
9.324099999999391e-05
9.189200000001008e-05
9.252000000001259e-05
8.881299999999315e-05
9.836600000001638e-05
9.105400000000707e-05
9.337400000000717e-05
9.124900000001546e-05
9.02299999999967e-05
8.623900000001572e-05
8.902499999999258e-05
8.947400000000605e-05
9.110400000000851e-05
8.874200000000276e-05
8.893599999998392e-05
8.659999999999224e-05
8.447500000000052e-05
7.559700000001057e-05
7.932199999999279e-05
8.930199999998556e-05
9.045800000001547e-05
8.895500000000167e-05
8.585199999999737e-05
8.302200000001592e-05
8.111799999999114e-05
8.067999999999964e-05
7.989199999999808e-05
8.047399999999705e-05
8.52739999999963e-05
7.89689999999843e-05
8.474699999999613e-05
8.229000000001263e-05
8.619800000000954e-05
7.97369999999964e-05
9.381799999999552e-05
8.03689999999968e-05
8.785299999999885e-05
8.67519999999955e-05
8.879100000000473e-05
8.345799999998071e-05
8.252599999999943e-05
7.033000000000733e-05
8.879300000000367e-05
8.391700000001667e-05
8.914299999998598e-05
9.570300000000254e-05
8.530599999997945e-05
8.438699999999133e-05
9.595800000000709e-05
9.014799999998435e-05
9.033399999999747e-05
8.5332999999993e-05
8.868999999997462e-05
9.857399999999017e-05
8.216700000002186e-05
8.103700000000602e-05
8.501999999999121e-05
8.774300000000124e-05
8.467500000000627e-05
8.345799999998071e-05
8.260399999998613e-05
8.088400000000329e-05
8.129199999998282e-05
8.284199999999964e-05
0.00010540100000000496
7.483299999999637e-05
6.792499999999646e-05
8.075500000001568e-05
8.365699999998699e-05
8.03940000000114e-05
8.553299999999875e-05
0.00010328300000000956
8.174199999999576e-05
8.094899999999683e-05
8.58360000000058e-05
8.744999999998893e-05
7.980800000001453e-05
8.116299999999521e-05
8.535700000000812e-05
8.216899999999305e-05
6.421200000000793e-05
8.358199999999871e-05
8.367299999997857e-05
8.411699999999467e-05
8.408299999998481e-05
8.951499999998447e-05
8.606699999999523e-05
8.993099999998755e-05
7.070300000000529e-05
8.482000000001322e-05
7.719400000000265e-05
7.198899999999453e-05
8.732100000000131e-05
8.434400000001396e-05
8.239100000001498e-05
9.650799999999515e-05
8.399900000000127e-05
7.926799999999345e-05
7.915499999999742e-05
7.540000000000324e-05
9.265599999999652e-05
8.896099999999851e-05
7.686200000001087e-05
8.562800000000426e-05
7.42170000000153e-05
4.684699999998876e-05
4.4656000000004026e-05
4.5508999999999133e-05
4.451699999999392e-05
7.856399999997543e-05
8.048400000001954e-05
7.995199999999425e-05
8.499900000000227e-05
8.090500000001999e-05
8.069499999999175e-05
8.557699999997559e-05
8.132700000001991e-05
0.00010971499999998247
8.356300000000871e-05
8.143900000001647e-05
8.371399999998475e-05
8.552000000000559e-05
8.742400000000261e-05
8.610900000000088e-05
8.108700000000746e-05
8.728399999999303e-05
8.226499999999803e-05
7.95099999999771e-05
7.89289999999776e-05
8.521300000000065e-05
7.821899999999049e-05
8.556199999998348e-05
0.00011396899999999155
9.196599999999888e-05
8.489799999999992e-05
8.515900000000132e-05
9.166099999999289e-05
8.610100000000509e-05
8.45520000000155e-05
8.130100000000584e-05
8.756700000001061e-05
7.241399999999287e-05
8.168499999999801e-05
7.943799999998724e-05
8.56089999999865e-05
9.934900000002633e-05
8.489399999997427e-05
9.204600000001228e-05
8.28320000000049e-05
8.278700000000083e-05
0.00010398300000000193
8.464099999999641e-05
7.50300000000037e-05
5.920700000000556e-05
4.41790000000053e-05
4.5039999999996194e-05
6.821100000001246e-05
7.956600000000313e-05
8.278100000000399e-05
8.616999999999653e-05
7.638399999998491e-05
8.21370000000099e-05
7.96779999999997e-05
8.542999999999745e-05
0.00010604399999999958
8.504400000000634e-05
8.966700000001548e-05
8.681399999999062e-05
8.665799999998947e-05
8.122199999999191e-05
8.537000000000128e-05
8.344499999998756e-05
6.850399999999701e-05
9.092499999999171e-05
8.599600000000485e-05
8.547799999999994e-05
8.398100000001074e-05
8.713600000001542e-05
7.983500000000032e-05
8.884100000000617e-05
8.700799999999953e-05
8.56719999999811e-05
8.631800000000189e-05
9.327600000000325e-05
8.237899999999354e-05
7.250500000000049e-05
4.54549999999998e-05
4.496000000001055e-05
4.8271000000016384e-05
5.459899999998852e-05
4.4682999999989814e-05
4.500199999998844e-05
7.917600000001412e-05
8.04130000000014e-05
8.345400000001058e-05
8.372700000000566e-05
8.251800000000364e-05
0.00010096400000000894
8.514600000000816e-05
8.33790000000223e-05
8.03729999999947e-05
8.382299999998288e-05
9.377399999999092e-05
8.24869999999922e-05
8.364199999999489e-05
8.351400000000675e-05
8.195299999999572e-05
8.400299999999916e-05
8.07959999999941e-05
0.0001072110000000237
7.384499999998906e-05
7.572299999999976e-05
8.034800000000786e-05
8.240700000000656e-05
8.490699999999518e-05
8.53500000000118e-05
9.009899999998239e-05
0.00011157500000000264
8.436200000000449e-05
8.95689999999838e-05
8.651500000000922e-05
8.848200000000084e-05
0.00010708500000000676
9.354400000000096e-05
9.033099999999905e-05
9.122599999999981e-05
9.052799999997863e-05
9.180200000000194e-05
8.500900000002476e-05
0.00010690699999998943
8.624200000001414e-05
9.095100000000578e-05
8.916799999997282e-05
8.817900000002155e-05
8.961000000001773e-05
8.90530000000056e-05
8.391699999998892e-05
7.515899999999132e-05
8.36679999999812e-05
9.028499999996775e-05
8.319800000000654e-05
8.730699999998093e-05
0.00012961000000000222
8.762699999997903e-05
8.181399999995786e-05
8.732799999999763e-05
0.00010173699999999064
9.015000000001105e-05
8.627599999999624e-05
8.672400000003799e-05
8.610800000002916e-05
8.87200000000421e-05
8.637999999999701e-05
8.801499999999685e-05
8.899600000000785e-05
8.406099999996863e-05
8.424200000001214e-05
8.403899999998021e-05
8.701999999999321e-05
8.933899999996608e-05
8.655299999998922e-05
8.685599999996851e-05
8.512799999998988e-05
8.421599999997031e-05
8.122299999996363e-05
8.251000000003561e-05
8.196599999998888e-05
8.591299999999302e-05
8.06279999999715e-05
8.333299999996324e-05
8.259100000002073e-05
8.519899999998026e-05
8.44340000000221e-05
8.784900000002871e-05
8.581299999999015e-05
8.777600000003938e-05
8.489099999997585e-05
8.642899999999898e-05
8.073399999997122e-05
8.53769999999976e-05
8.034699999998063e-05
8.392699999998365e-05
8.326899999999693e-05
8.408300000001256e-05
8.382999999995144e-05
8.533000000005009e-05
8.342199999999966e-05
8.440599999998133e-05
8.224500000003632e-05
8.310999999999735e-05
8.69519999999735e-05
8.516299999999921e-05
9.760399999997338e-05
8.44090000000075e-05
9.807499999997527e-05
8.264099999999441e-05
8.291900000001462e-05
8.553799999999612e-05
8.526300000000209e-05
8.405400000000007e-05
7.17350000000172e-05
8.194799999999836e-05
8.529099999998735e-05
8.335100000000928e-05
7.907699999998297e-05
0.00010566100000003464
8.753400000000022e-05
8.75499999999918e-05
8.827100000002863e-05
8.625200000000888e-05
8.473199999997627e-05
8.291199999999055e-05
8.417199999999347e-05
8.392599999995642e-05
8.643099999999793e-05
8.200299999999716e-05
8.41859999999861e-05
8.143699999996201e-05
8.323999999998444e-05
8.356000000003805e-05
8.702499999996283e-05
8.600100000000221e-05
8.981800000001927e-05
8.635699999998137e-05
8.589300000000355e-05
8.441100000000645e-05
8.827999999999614e-05
8.17980000000218e-05
8.294699999999988e-05
8.553399999999822e-05
8.651799999997989e-05
8.574500000002594e-05
8.544300000001837e-05
0.0001032049999999951
8.934600000004567e-05
8.397199999998772e-05
8.338499999999138e-05
8.528800000001668e-05
8.552900000002861e-05
7.694099999999704e-05
0.00010263799999998824
7.91749999999869e-05
8.800199999997593e-05
8.427999999999214e-05
8.411600000002295e-05
8.142999999999345e-05
8.453599999996841e-05
8.44549999999833e-05
8.396999999998878e-05
8.014100000003355e-05
8.330600000000521e-05
8.709000000001188e-05
8.494199999997676e-05
8.195099999996902e-05
8.720700000003356e-05
8.675299999999497e-05
8.231999999996908e-05
8.58699999999879e-05
8.901199999999942e-05
8.507299999999107e-05
8.556799999998033e-05
