0.08047612800000004
0.08912234199999997
0.09160695900000004
0.08796872700000002
0.08582344000000008
0.047720551000000055
0.04723943500000005
0.04770446499999981
0.047510841000000026
0.04758108300000008
0.04799432499999989
0.048824745999999974
0.04740553599999986
0.04789600599999999
0.04795464700000007
0.04849202099999994
0.04755580500000001
0.048369925999999897
0.049838368999999716
0.04803721600000044
0.04792607700000007
0.04730093300000027
0.047702987999999724
0.04776007399999971
0.04818003499999968
0.04927829100000025
0.047783604999999785
0.047769875000000184
0.047778352999999996
0.04942148200000007
0.04794850100000003
0.04769052400000007
0.047681455999999844
0.04753719200000006
0.047692114000000174
0.0474676340000002
0.047798392999999884
0.04737149700000032
0.05502445100000042
0.047322005999999917
0.04708017900000083
0.04801959300000025
0.047798899000000006
0.04746996400000025
0.04753295399999935
0.04845092399999995
0.04791637599999987
0.04782499299999987
0.04799449500000019
0.05697546899999928
0.047276909999999894
0.048216084999999964
0.05104754400000022
0.04765307200000013
0.047334166999999816
0.0476518549999998
0.04830085499999992
0.04757383399999959
0.047425958999999906
0.048068115999999605
0.04784157300000036
0.047576935000000375
0.04718904699999982
0.047633878000000074
0.04777101500000036
0.04745579099999997
0.047038884
0.04748150799999973
0.04823836699999973
0.047137965000000115
0.047908260999999897
0.04751103799999967
0.047724865999999366
0.047225553999999725
0.04753650399999998
0.047839065999999875
0.047860293000000276
0.047970654000000224
0.0475729359999999
0.04756199299999864
0.04791116599999867
0.04779455699999957
0.04803797400000143
0.047748855000000034
0.04780917900000148
0.047716143999998906
0.04814911599999938
0.047580014000001114
0.047638453000001135
0.04776443399999941
0.04770381600000029
0.047839512999999556
0.04809059900000001
0.04751815200000031
0.047858295999999356
0.04800170000000037
0.04839659900000015
0.04788676299999928
0.04844376699999842
0.051043178000000466
0.047850984000000096
0.047497160000000704
0.04763706099999965
0.04796324399999996
0.04778674599999988
0.04756636900000011
0.04785263399999984
0.048166987000000105
0.04815040699999962
0.04870758500000072
0.04734686199999949
0.04782160999999974
0.04791415199999882
0.0478397690000012
0.04734612700000085
0.04784470400000096
0.047877846000000446
0.04814448299999974
0.04792435299999909
0.04817459899999932
0.047808980999999307
0.04757399699999887
0.0476411609999996
0.048205681000000666
0.04819876800000067
0.047664933000000076
0.04788517800000136
0.048158328000001305
0.04768523599999952
0.0476317470000005
0.05283937599999966
0.04776205000000111
0.04838488999999946
0.048087904999999154
0.048221329000000424
0.047765931000000705
0.047980672000001334
0.04820480599999932
0.04842665400000001
0.047725012999999095
0.047958990999999784
0.04749838500000081
0.04748009300000078
0.04767070299999965
0.04771413000000102
0.047637861000000115
0.047934673000000316
0.04767576899999959
0.04784612099999919
0.04777962000000002
0.048593844000000885
0.04799051100000007
0.047965127999999524
0.047833244999999636
0.04748634399999929
0.047801416999998736
0.04749510999999984
0.04795562199999992
0.04769783999999966
0.04827819000000133
0.04836777099999878
0.04788269400000189
0.047864546999999646
0.04777867399999991
0.04834310699999733
0.04847383299999919
0.04759652599999953
0.048163999999999874
0.05014156400000047
0.04810945999999916
0.04812404899999834
0.04799302300000008
0.04754279300000164
0.0643825910000011
0.04745958299999842
0.04750511700000004
0.04756040399999861
0.04743486599999969
0.04804198200000087
0.048203455999999534
0.04806155200000006
0.047834118999997344
0.048152529999999416
0.0483193600000007
0.04809483100000023
0.04777586099999809
0.04815751399999968
0.04765396300000191
0.04813398199999952
0.04799607400000028
0.04819892200000098
0.048316650000000294
0.04821868600000201
0.047842762000001926
0.047818086999999565
0.04766003699999999
0.04816682600000277
0.048113521000001214
0.04785380100000225
0.0478980920000005
0.04789914499999881
0.04813433600000039
0.04776519300000004
0.04796998899999849
0.048083419000001015
0.047800161000001395
0.047978666999998865
0.047632690000000366
0.04809034200000184
0.04772583000000097
0.04803493799999714
0.04800764499999843
0.04865264400000058
0.048176084000001396
0.04811514000000017
0.04798896399999819
0.04839647600000063
0.04809695499999833
0.04771509200000068
0.048010640000001104
0.04792174700000018
0.04823217799999924
0.04831632399999819
0.048172871000002004
0.04801949400000183
0.06343499599999802
0.04806464800000043
0.048427140000001145
0.047764451999999125
0.04806349300000079
0.04838534900000013
0.04803515600000097
0.047747691000001424
0.047632234999998246
0.047770481000000586
0.04790395699999905
0.053886861999998814
0.04771944799999872
0.04716040599999971
0.047334143000000495
0.047009042999999195
0.04740837900000017
0.047274169000001365
0.04800343499999826
0.04784017199999724
0.04776214099999976
0.04774582599999988
0.04794261199999994
0.04797217399999809
0.04792148099999949
0.04745371099999929
0.04790652000000151
0.04762054100000057
0.04814319000000111
0.04769408599999991
0.0477554189999978
0.047927164000000744
0.04674073199999995
0.04760539100000116
0.046780271000002926
0.047534141999999946
0.04826828199999866
0.0477353590000007
0.04792936299999795
0.0479536490000001
0.04718314600000184
0.04808603599999728
0.04734873099999959
0.048945011999997234
0.04757169100000169
0.04776481100000041
0.04679861099999982
0.04814601400000029
0.04735268299999973
0.048378678999998925
0.04699995300000026
0.04848750900000098
0.04718196699999666
0.0478997399999983
0.046922181999999424
0.04772440099999997
0.04675190300000054
0.047855884000000515
0.046744584999999006
0.048087419000001574
0.04898067499999925
0.04808641199999997
0.047351254999998815
0.04792801199999985
0.04724939299999775
0.04823353199999758
0.04694090599999967
0.04813670700000117
0.047187821000001406
0.048631501999999216
0.04746128999999755
0.04794577299999858
0.04976430099999973
0.06298487799999819
0.04666327499999667
0.04809274300000155
0.04703924500000056
0.048145604000001896
0.047147729000002414
0.048127469999997174
0.04813115500000009
0.04792554499999824
0.0473250450000009
0.048260732000002804
0.04699069500000164
0.04854171599999901
0.04674171999999999
0.04771749400000047
0.047220411000001405
0.04825537400000002
0.04700898100000117
0.04823824200000004
0.04708868199999827
0.04824129200000016
0.04728371900000283
0.04769914699999944
0.047763155000001944
0.048137607000001026
0.04731003899999919
0.047984878000001174
0.046942678000000626
0.04764269599999693
0.046811513999998056
0.048257570999993504
0.04719943999999998
0.04827587500000163
0.04682966400000055
0.047130968000004714
0.047236693999998636
0.04782771200000013
0.04715246700000364
0.04817006900000109
0.04741117799999728
0.04781103300000211
0.046888789000000486
0.04866339300000533
0.04687913200000082
0.048071630999999115
0.04692526499999872
0.04832302200000527
0.04740484899999586
0.048246192999997106
0.04686347300000193
0.05169049799999925
0.046890701000002366
0.047994541000001334
0.04727822199999565
0.04738086100000061
0.04630362600000382
0.047324580000001504
0.04603519100000142
0.04746946000000207
0.046096116000001075
0.04746015599999964
0.04653040000000175
0.0480773530000036
0.047108561000001714
0.047632136000004266
0.04716127199999676
0.04808263299999993
0.0465523680000004
0.047351075999998216
0.04706006899999693
0.04777190100000439
0.046714336000000856
0.047850385000003826
0.04710800699999851
0.04783587900000441
0.047040590999998244
0.047415139000001716
0.04646208700000187
0.047744711999996525
0.047214838000002146
0.048164728999999795
0.04651502600000157
0.04788409100000024
0.047260039999997616
0.04791979200000185
0.04924935700000077
0.047204931999999644
0.048599280000004796
0.04701804800000531
0.048115536999993935
0.0468823169999979
0.04738199700000223
0.04669957900000554
0.04773261199999723
0.04673883800000311
0.050291014000002576
0.04686445299999775
0.04805492200000572
0.0465936569999954
0.0476616990000025
0.04669337299999654
0.04792233899999587
0.04657739499999991
0.04769713299999978
0.04707411700000108
0.04788779799999787
0.053568269000003
0.04777226599999551
0.04708994399999966
0.04793033499999666
0.050485705999996355
0.048036645000003375
0.0468874980000038
0.0479311500000037
0.05311123199999912
0.04841549100000009
0.04696275599999922
0.047706690999994805
0.04685470199999742
0.0480972110000053
0.04669859700000245
0.047934605000001795
0.04653749399999896
0.04738146799999754
0.04631511799999544
0.048194207999998184
0.046900469000000555
0.047621602000006646
0.04695783000000375
0.047355146999997544
0.04702904099999472
0.04797263500000071
0.04695043099999907
0.04758991100000287
0.04720995099999925
0.04803474099999505
0.04695000199999555
0.0481040660000005
0.0466630660000007
0.04770024199999767
0.04702010300000126
0.04810452099999907
0.04696507399999916
0.0478128320000053
0.047188244999993856
0.04820605899999464
0.04670185400000548
0.047988512000003425
0.04738547800000248
0.047219421999997735
0.046665287999999805
0.0477181850000008
0.047013733
0.04794583299999999
0.04731049200000115
0.04798495800000069
0.04671421400000497
0.04824518000000211
0.04696310799999992
0.04774087900000268
0.046726527000004126
0.047891803999995375
0.04689636199999825
0.048190871999999274
0.046876694999994584
0.04763480199999748
0.0472931390000042
0.04804631999999742
0.04714337299999727
0.04805949200000015
0.04727451199999422
0.04870705399999764
0.04719895600000257
0.047888381999996454
0.04719099799999782
0.04801003499999723
0.04679481199999458
0.04820105200000313
0.04706583500000505
0.04780907600000006
0.04708569399999618
0.04803952299999992
0.04663554900000122
0.047805924000002165
0.047303835999997546
0.048081566999996994
0.04688225499999987
0.04825564000000071
0.04710235299999965
0.04790252200000111
0.046693429000001174
0.04743252400000131
0.04684896799999905
0.04797928700000398
0.04656459899999987
0.047717522999995765
0.04668743299999534
0.047761911000002044
0.04711473200000427
0.047745532000000424
0.04672565500000303
0.04769008499999927
0.046585801999995624
0.04779747499999587
0.04697248000000087
0.04995418100000393
0.046706214000003854
0.04803106800000023
0.04678419199999695
0.04795175499999971
0.04688041100000362
0.047827676999993685
0.04652105100000625
0.04752137000000545
0.046838231999998925
0.048130913000001385
0.04739171599999992
0.04783061700000246
0.046740188999997656
0.04774291900000094
0.046967456000004404
0.04824192400000271
0.04757392399999816
0.04810370300000244
0.04718948800000078
0.04829730699999857
0.04704176599999954
0.04839631499999797
0.04702021199999962
0.04803967100000506
0.047145140000004915
0.04798914599999904
0.04716875300000112
0.04807657499999607
0.04683431899999846
0.04772862400000122
0.04711327199999715
0.04819157500000415
0.046981610000003116
0.04792857800000405
0.04730627900000428
0.04798913100000135
0.0471774589999967
0.04813499499999807
0.04696889400000259
0.04807896700000214
0.04734361300000245
0.04799792999999397
0.04694760999999659
0.04785427700000611
0.04707210600000167
0.0480548389999953
0.046777817999995364
0.04774949900000536
0.046492127999997024
0.047615707000005614
0.04693027199999733
0.047969209000001456
0.04717596300000082
0.04810485400000175
0.04685731600000054
0.04988512700000314
0.04699516000000159
0.04807268300000089
0.04693060099999968
0.04806766400000129
0.04724576800000335
0.0482414340000048
0.0471594920000058
0.04791440399999658
0.04698558600000524
0.047881754999998805
0.047047288999998216
0.048981098999995254
0.04647920400000061
0.047646876000001726
0.047208204000000364
0.04817918399999854
0.047059352000005106
0.04808734000000214
0.04735584600000209
0.04821074200000197
0.04698646500000336
0.048083755000000394
0.04685370199999994
0.04764204299999619
0.04610553399999873
0.047449436999997374
0.046427772999997785
0.04742668200000111
0.04802949500000153
0.047799017000002664
0.04633757399999894
0.04835315499999382
0.04698510200000072
0.048082680000000266
0.04672814499999589
0.0478139490000018
0.046834085000000414
0.0473691890000012
0.04709998799999937
0.04774883999999702
0.047273568999997906
0.04778577500000125
0.04681661000000048
0.04828580900000645
0.05236912899999879
0.0472582309999936
0.047722720000002994
0.04670697200000262
0.0478175539999981
0.04734875300000141
0.04756102900000059
0.04704308700000581
0.04769739399999651
0.04677638500000114
0.049726421999999104
0.04613110499999351
0.04695821800000033
0.046668112999995515
0.04771638700000125
0.04709997800000565
0.04812459800000113
0.04669333200000381
0.047736479000001
0.047177997999995114
0.047852589999997974
0.05383579899999802
0.0479112709999967
0.04699298399999918
0.04774665500000452
0.047057499000004555
0.05025010300000332
0.0468456340000003
0.04781640000000209
0.04699945799999483
0.04808415699999813
0.04739206099999649
0.04759080499999868
0.04708442100000099
0.04820153400000038
0.04737116800000507
0.04824630099999894
0.04683769999999754
0.047803137999999024
0.04702482900000149
0.048355684999997095
0.04659882099999635
0.04803744699999868
0.04735246000000615
0.04781844300000415
0.04691837800000087
0.047792350999998234
0.04677582000000058
0.04792837200000122
0.046776311999998654
0.047596528999996224
0.046563714000001255
0.04767794300000361
0.04641922499999396
0.04746654800000272
0.04944908699999928
0.04785492100000255
0.046906606000000295
0.04783877500000244
0.04715531300000464
0.04783106899999723
0.04703475099999821
0.04794113399999844
0.047027271999994014
0.04789830400000028
0.04649110700000847
0.04782745900000407
0.04678060199999834
0.04771106500000144
0.04643407000000366
0.047506134000002476
0.046790040999994176
0.04798327600001073
0.05354600899998729
0.04813504199999841
0.04701893600000062
0.04796196300000588
0.04695247399999403
0.04803191399999207
0.04714373200000921
0.047864571000005185
0.047550355999987914
0.04762526800000444
0.04712244099999907
0.04765404500000159
0.04830171999999777
0.04753698599999723
0.046968965000004914
0.0496353980000066
0.04685118700000146
0.04810877299999561
0.04738791500000161
0.04786229899998773
0.047372613999996815
0.0478689600000024
0.047520620000000235
0.04822108000000469
0.04673539800000981
0.048250859000006585
0.04737831100000278
0.04807609399999535
0.047190932999995994
0.048041014000006044
0.04719272799999885
0.04914980400000957
0.04735647799999754
0.04793476499999372
0.047274391999991394
0.04803128000000356
0.04696883399999763
0.04808693600000424
0.04837892999999838
0.04811270000000434
0.04709886700000254
0.048232378999998105
0.0473086420000044
0.04825339300001019
0.047095050999999444
0.04802915500000893
0.047321715999999014
0.04795797899998888
0.04697038399999087
0.048239874000003624
0.04716832000001148
0.04770850399999915
0.04742932700000324
0.04823763799998915
0.04742089900000224
0.04811295200001098
0.04729560599999161
0.04828436100000033
0.04716584300000193
0.048005525000007765
0.046970158999997125
0.048146242000001394
0.04734305699999197
0.04810351300000093
0.04702274400000306
0.04808839999999748
0.047065258000003496
0.048042683999995006
0.04719307300000253
0.047887243999994666
0.047151558999999565
0.048103658999991694
0.04685357299999282
0.04798334599999521
0.04725156899999661
0.048131236999992666
0.047413625000004345
0.048075791000002255
0.04746421099999054
0.047559512999995945
0.046941443000008576
0.048315450000004034
0.04710018800000171
0.04820700099999442
0.04740375899999094
0.04803039200000114
0.04706602800000326
0.048208416999997894
0.046972433999997065
0.04817769099999225
0.046898071000001096
0.053459801999991896
0.047236862999994855
0.04835746500000937
0.047050149000000374
0.047707582000001025
0.04693604000000562
0.04832628100000136
0.04660091300000602
0.047757433000001015
0.04707463200000461
0.04771887200000435
0.04699292799999455
0.048134074999993004
0.047116853000005676
0.04842447100000413
0.047140042999998855
0.0479699110000098
0.04698552799999334
0.04817648499999905
0.054579003000000625
0.04815575300000319
0.047020846999998867
0.047949942000002466
0.04718804099999829
0.04796462199999496
0.04657682200000579
0.04819998099999623
0.047161438000003386
0.04803420400000391
0.04712046200000941
0.047788025000002676
0.04671176800000865
0.04792902200000526
0.0466347009999879
0.04793736700000295
0.04704294500000117
0.04795128700000362
0.04666315500000451
0.048073090000002594
0.04714278900000579
0.0480274100000031
0.04733446300001276
0.048298549999998386
0.04690939299999286
0.048074752000005105
0.04706954899999971
0.047822706000005155
0.047005859999998734
0.04797969800000601
0.04708331500000895
0.048273164999997675
0.04737007100000312
0.048305474000002846
0.04732750600000202
0.04803744900000595
0.047096387999999934
0.049741999999994846
0.046638561999998274
0.04783522799999673
0.046734068000006346
0.047760936000003085
0.0469254359999951
0.04863742899999579
0.04714156699999705
0.04763443600000983
0.046922340000008944
0.054042951999988986
0.04683000100000356
0.04844817600000795
0.05081815800001266
0.0474730749999992
0.04650707000000409
0.04809120100000541
0.04776609799999676
0.04793409299999496
0.04712184099999206
0.04787869899999464
0.05375270900000828
0.04800709499998845
0.046936266000003
0.04806233600000098
0.04788550099999611
0.04820288599999856
0.04716618300000164
0.04801649499999883
0.04675040200000069
0.04782899100000293
0.04701022999999793
0.04783425499999794
0.04646364999999264
0.047856352000010816
0.047226961000006895
0.04769196099999817
0.046560936999995306
0.047646681000003355
0.04679862999999784
0.04782792599999652
0.046823080999999434
0.04775530800000638
0.0472537170000038
0.047805707999998504
0.046974577000000295
0.047972135000009075
0.04698654999999974
0.04754106100000399
0.046469387000001916
0.04778521199999375
0.046993433000011464
0.048116573000001495
0.046873559000005116
0.04798068799999555
0.046797636999997394
0.04777674900000761
0.04659239999999443
0.047781782999990696
0.04736296000000095
0.04799903600000732
0.047896072000000345
0.04763753799998938
0.04681579200000385
0.04713605800000664
0.04703510999999594
0.04810658699999237
0.046847364000001335
0.04757551699999851
0.046984643000001824
0.04792440500000339
0.0468242180000118
0.04790307599999721
0.04652684500000248
0.047510825000003365
0.046798533000000475
0.04814053399999807
0.04700689700000282
0.047892795999999294
0.04763589600000273
0.048009973999995736
0.047165383999995925
0.04760159699999633
0.04653250799999853
0.047466151999998374
0.04641186400000663
0.04756534199999862
0.04720084400000246
0.048027852000004145
0.047249538000002644
0.048002404000001775
0.04671510199999318
0.04787084600000924
0.047094357999995395
0.05420653000000186
0.047076074999992557
0.047840889999989145
0.047091342000001646
0.048082608000001414
0.04724582999999427
0.04773031800000638
0.04721605900000725
0.05098872499999629
0.04724478500000373
0.047771261999997705
0.04662123299999621
0.04817630800000927
0.04664323699999784
0.04791701500001011
0.04680529600000227
0.04782955100000663
0.04721214500000315
0.0480184740000027
0.04691826299999491
0.04828333500000781
0.04672997900000553
0.04719574000000648
0.04683799800000088
0.04779975499999978
0.04704324200000087
0.04788421900001083
0.04686422500000731
0.04787250599999027
0.04686417000000631
0.048346246000008364
0.04738009099999374
0.04749575700000719
0.04699252300000012
0.0476179099999996
0.0470902480000035
0.047965524000005644
0.046847206999999
0.04801353500000971
0.04688697599999614
0.04801092000001006
0.04704887200000485
0.047707583999994085
0.04681141900000796
0.048045225999999275
0.0474335919999902
0.04772568799999988
0.047188896999998065
0.04743210999998837
0.047129674999993654
0.04791294700000037
0.04707160600000293
0.052944050999997216
0.04705867900000271
0.047421736999993414
0.04665373299999942
0.04791195700001083
0.04702783900000895
0.04759023100000093
0.04698461400001008
0.04783272500000635
0.04725289499999974
0.04826163900000324
0.04700789899999336
0.04759476399999585
0.04708330699999408
0.04813038800000413
0.04694855099999984
0.04782135300000334
0.04671664500000361
0.0477908350000007
0.04889602199999388
0.04733685600000115
0.047463399999998046
0.04800971299999901
0.04673125499999742
0.047716805999996836
0.046795095000007336
0.047781899000000294
0.047183544999995775
0.047455044000003
0.04685545799999602
