0.0001016900000000015
6.598699999999652e-05
6.542799999999932e-05
8.269500000000068e-05
4.755899999999563e-05
4.5883000000003504e-05
4.563200000000378e-05
8.693600000000273e-05
4.733900000000041e-05
4.563800000000062e-05
5.97719999999996e-05
8.32569999999963e-05
8.31889999999974e-05
8.442000000000172e-05
8.798799999999718e-05
9.229899999999708e-05
9.212100000000056e-05
9.212899999999635e-05
9.097999999999745e-05
8.867700000000228e-05
8.9864000000002e-05
7.348299999999919e-05
5.508399999999691e-05
4.546600000000095e-05
8.603199999999978e-05
9.08860000000053e-05
9.292500000000065e-05
7.802800000000082e-05
9.14009999999979e-05
9.299599999999797e-05
9.174599999999672e-05
9.23109999999977e-05
9.100699999999712e-05
9.165499999999605e-05
8.876299999999865e-05
8.018299999999756e-05
8.3071000000004e-05
8.457600000000287e-05
9.218300000000262e-05
9.187299999999926e-05
9.259899999999877e-05
0.00011610499999999829
9.317000000000353e-05
9.195900000000257e-05
8.606700000000217e-05
9.109599999999884e-05
8.891200000000349e-05
9.393699999999533e-05
9.047199999999422e-05
8.440899999999363e-05
8.411400000001013e-05
7.794599999999541e-05
7.882300000000564e-05
8.227099999999488e-05
8.060299999999854e-05
8.838499999999638e-05
8.403199999999778e-05
8.417199999999347e-05
7.774199999999176e-05
4.691199999999618e-05
4.5897000000003074e-05
4.515100000000716e-05
7.909600000000072e-05
8.372899999999073e-05
8.756999999999515e-05
4.68780000000002e-05
4.570999999999048e-05
4.540399999999889e-05
5.299300000000118e-05
8.171799999999452e-05
8.125999999999967e-05
8.341899999998736e-05
4.6351999999999505e-05
6.590999999998848e-05
8.763900000000047e-05
8.546900000000468e-05
8.082799999999113e-05
8.370600000000283e-05
8.798200000000034e-05
7.836499999999691e-05
4.6621999999996167e-05
4.632300000000089e-05
4.553100000000143e-05
7.804499999999881e-05
8.33100000000031e-05
8.59909999999936e-05
4.6702999999995165e-05
4.553100000000143e-05
8.178899999999878e-05
5.3774999999992024e-05
4.6458999999998696e-05
4.604800000000686e-05
4.5634999999988324e-05
7.855000000001056e-05
8.662499999999296e-05
7.194400000000434e-05
4.6618999999997746e-05
4.604099999999667e-05
4.584300000000374e-05
7.658000000000664e-05
9.481699999999704e-05
0.0001234789999999958
9.471800000000752e-05
8.870499999999448e-05
9.04909999999981e-05
4.827000000000303e-05
4.563700000000115e-05
8.152599999999843e-05
5.530399999999214e-05
4.606199999999949e-05
4.550200000000282e-05
4.513400000000223e-05
7.815399999999695e-05
8.182800000000601e-05
8.800100000000421e-05
9.101100000000195e-05
8.854800000000773e-05
8.89139999999955e-05
9.409700000000132e-05
8.883900000000722e-05
8.851499999999735e-05
8.412900000000223e-05
8.142599999999556e-05
8.089199999999908e-05
8.252899999999785e-05
7.893000000000483e-05
7.800900000000388e-05
9.120899999999488e-05
8.263199999999915e-05
9.748899999999228e-05
8.752000000000759e-05
8.706199999999886e-05
9.11939999999889e-05
8.216199999999674e-05
8.362000000000647e-05
8.82079999999924e-05
4.647199999999185e-05
4.5342999999989364e-05
4.551099999999808e-05
4.514800000000874e-05
6.266899999998743e-05
7.5457000000001e-05
0.00011509900000000739
7.060899999999926e-05
7.467200000001173e-05
7.744000000001194e-05
8.157400000000092e-05
8.992700000000353e-05
8.357000000000503e-05
9.086699999999448e-05
8.276399999999906e-05
9.09359999999998e-05
9.232200000000579e-05
9.019400000000177e-05
9.059100000000098e-05
8.199899999999927e-05
8.41560000000019e-05
6.832199999999566e-05
4.631099999999333e-05
7.990300000000616e-05
8.126499999999703e-05
8.503899999999509e-05
8.520300000000591e-05
7.899100000000048e-05
6.812400000000274e-05
4.62160000000017e-05
4.755799999998922e-05
8.006600000000363e-05
4.629800000000017e-05
4.617700000000835e-05
4.5153000000006105e-05
4.552800000000301e-05
4.956899999999931e-05
4.588099999999762e-05
4.574299999998699e-05
4.552600000000406e-05
7.870700000001118e-05
4.643799999999587e-05
4.5532000000000905e-05
4.5153000000006105e-05
4.687100000000388e-05
7.925599999999977e-05
4.8342999999992364e-05
4.68559999999979e-05
5.458799999999431e-05
4.6935999999997424e-05
4.8111000000003457e-05
8.476300000000159e-05
7.916499999999216e-05
8.053700000000552e-05
8.310899999999788e-05
7.575199999999838e-05
8.141000000000398e-05
7.440799999999803e-05
8.244699999999938e-05
8.026599999999551e-05
8.619799999999567e-05
8.422899999999123e-05
8.372199999999441e-05
5.201900000000037e-05
4.767099999999913e-05
8.753599999999917e-05
8.582199999999929e-05
7.779099999999373e-05
9.228000000000014e-05
8.91749999999969e-05
8.828700000000633e-05
8.748799999999668e-05
8.867199999999797e-05
9.060999999999098e-05
8.282800000000701e-05
8.271399999999762e-05
8.17290000000026e-05
4.946000000000117e-05
4.746799999999496e-05
7.749799999999529e-05
8.740299999999979e-05
8.932500000000121e-05
8.741199999999505e-05
8.703700000001202e-05
8.966099999999089e-05
0.0001244009999999962
9.084400000000659e-05
9.038100000000049e-05
8.975099999999903e-05
9.176299999999471e-05
9.101599999999932e-05
8.237199999999723e-05
7.901599999998732e-05
4.709299999999805e-05
4.6737000000005025e-05
4.652200000000717e-05
4.678099999999574e-05
4.7474999999991274e-05
4.757300000000908e-05
8.746900000000668e-05
8.342399999999861e-05
8.489400000000202e-05
9.101200000000143e-05
8.751899999999424e-05
9.049799999999442e-05
8.202000000000209e-05
7.716999999998753e-05
7.967300000000233e-05
7.209899999999214e-05
9.894800000000148e-05
7.744200000001089e-05
8.514999999999218e-05
8.793999999999469e-05
8.827799999999719e-05
0.00010250300000000379
9.380800000000078e-05
9.734200000000026e-05
9.046600000001126e-05
0.00010007099999999325
7.83580000000006e-05
8.094799999999736e-05
8.019800000000354e-05
8.015699999999737e-05
5.098500000000339e-05
4.5182999999990314e-05
4.394300000000462e-05
4.520499999999261e-05
7.582400000000211e-05
8.39350000000072e-05
8.283400000000385e-05
4.660400000000564e-05
4.4049000000004335e-05
4.5685999999989235e-05
8.534600000000003e-05
8.538800000000568e-05
4.611799999999777e-05
4.526300000000372e-05
4.4413999999992626e-05
4.5202999999993665e-05
4.388099999999562e-05
4.458100000000187e-05
4.420200000000707e-05
8.851400000001175e-05
8.586099999999264e-05
7.504999999999318e-05
7.316100000000214e-05
9.002800000000588e-05
8.845200000000275e-05
9.026100000000814e-05
9.337800000000507e-05
9.13879999999978e-05
8.636300000000596e-05
8.825600000000877e-05
8.414799999999223e-05
7.92290000000001e-05
8.175900000000069e-05
8.27559999999894e-05
8.24359999999913e-05
8.715500000000542e-05
8.299500000000237e-05
8.326800000001133e-05
8.377100000001025e-05
8.372400000000724e-05
8.505600000000002e-05
9.921499999999972e-05
8.314700000000563e-05
8.646299999999496e-05
8.400199999999969e-05
7.962300000000089e-05
7.6989999999999e-05
7.530199999999931e-05
7.87109999999952e-05
8.460500000000148e-05
8.544100000000554e-05
5.444300000000124e-05
5.534199999999989e-05
8.842200000000466e-05
8.731799999998902e-05
8.883499999999545e-05
8.665699999998999e-05
8.96749999999974e-05
8.415900000000032e-05
8.861400000000075e-05
8.975299999999797e-05
8.680899999999325e-05
9.082700000000166e-05
9.325699999999937e-05
7.52800000000109e-05
8.611999999999509e-05
4.5187000000002087e-05
4.477699999999585e-05
8.854399999999596e-05
9.056300000000184e-05
8.937200000000423e-05
9.018800000000493e-05
9.689899999999751e-05
8.850700000000156e-05
8.640800000001003e-05
9.320900000001076e-05
8.5557e-05
7.759499999999975e-05
8.163500000001045e-05
4.923199999999628e-05
4.390499999999686e-05
7.682400000000311e-05
8.674299999998636e-05
9.172899999999873e-05
8.790200000000081e-05
8.547799999999994e-05
8.68180000000024e-05
9.1009000000003e-05
9.090099999999046e-05
8.581500000001685e-05
7.855800000000634e-05
8.79289999999866e-05
0.00010901899999998799
8.121800000002177e-05
8.426400000000056e-05
8.150299999998278e-05
7.633399999998347e-05
8.357499999997464e-05
4.631099999999333e-05
4.592400000000274e-05
7.556599999999913e-05
8.289599999999897e-05
4.81750000000114e-05
4.593999999999432e-05
4.468799999998718e-05
5.647300000000133e-05
4.451599999999445e-05
4.512300000000802e-05
7.68549999999868e-05
8.816500000000116e-05
8.587900000001092e-05
7.839100000001098e-05
8.45459999999909e-05
9.269200000000533e-05
9.512400000000198e-05
8.929499999998924e-05
8.85459999999949e-05
8.50719999999916e-05
4.6962000000011495e-05
4.660299999997841e-05
7.975700000001362e-05
0.00011069999999999136
8.76890000000019e-05
8.340100000001072e-05
7.705100000002241e-05
8.825900000000719e-05
7.18069999999793e-05
0.00010340500000000086
9.065399999999557e-05
0.00010044900000000245
8.667799999997894e-05
8.218400000001291e-05
8.539099999999022e-05
9.059999999999624e-05
8.822299999999839e-05
8.591699999999092e-05
7.858500000001989e-05
8.866000000001817e-05
8.761800000001152e-05
8.302899999998448e-05
8.460199999998919e-05
0.00010740600000000433
8.67559999999934e-05
8.826900000000193e-05
8.971399999999075e-05
8.65120000000108e-05
7.689900000001915e-05
5.883900000000497e-05
4.536399999999219e-05
4.554700000000689e-05
7.422399999998386e-05
8.112100000001732e-05
8.269999999999111e-05
9.540799999999128e-05
7.700299999999216e-05
7.220300000002067e-05
7.434900000000133e-05
7.918400000000991e-05
8.54909999999931e-05
8.072300000000476e-05
7.229300000000105e-05
4.671800000000115e-05
7.182199999999916e-05
9.787099999999938e-05
9.37859999999846e-05
8.1332999999989e-05
8.047099999999863e-05
8.629000000001663e-05
7.951800000000064e-05
8.729099999998935e-05
4.6594000000010904e-05
4.560300000000517e-05
7.793899999999909e-05
8.030000000000537e-05
0.0001003770000000126
8.674999999999655e-05
8.802299999999263e-05
9.000600000000358e-05
8.511500000002448e-05
8.166800000000696e-05
8.110999999999535e-05
8.810700000000393e-05
8.780999999999373e-05
8.678400000000641e-05
8.932500000000121e-05
9.111400000000325e-05
8.556500000000966e-05
9.083000000001396e-05
8.42049999999761e-05
0.00011918999999999125
8.348999999999163e-05
8.522799999999275e-05
7.896099999998851e-05
8.178500000000088e-05
6.117099999999875e-05
4.611900000001112e-05
4.6240000000002945e-05
8.827799999999719e-05
8.17770000000051e-05
8.134000000001307e-05
4.754200000001152e-05
4.6826999999999286e-05
7.990099999999334e-05
8.496399999999293e-05
4.811500000001523e-05
4.650500000000224e-05
4.6002000000017196e-05
8.670199999999406e-05
9.064400000000084e-05
8.564699999999426e-05
7.863899999999147e-05
0.00011656499999998515
6.611300000000653e-05
7.497800000000332e-05
7.561099999997545e-05
7.615099999999653e-05
8.060800000000978e-05
7.999999999999674e-05
8.63500000000128e-05
8.131200000000005e-05
8.002600000001081e-05
0.00012141099999998795
7.89350000000022e-05
7.748199999998984e-05
8.24340000000201e-05
7.240699999999656e-05
8.227199999999435e-05
9.254799999999785e-05
8.927599999999924e-05
8.030300000000379e-05
5.3712000000011306e-05
4.640100000000147e-05
6.483900000001097e-05
8.822499999999733e-05
8.989700000000544e-05
9.005600000000502e-05
8.887599999998774e-05
0.00010959999999998749
8.371200000001355e-05
8.87859999999796e-05
8.844199999999414e-05
8.395199999999825e-05
8.30890000000084e-05
8.640700000001056e-05
7.832200000001954e-05
9.666399999999631e-05
8.152200000000054e-05
8.58149999999891e-05
0.00010803100000000843
8.881600000001932e-05
8.50319999999849e-05
8.498699999998083e-05
8.696399999999493e-05
8.578200000000646e-05
8.418199999998821e-05
9.003700000001502e-05
7.825200000000088e-05
8.084199999999764e-05
8.58950000000025e-05
8.691799999999139e-05
8.605500000000155e-05
8.082199999998041e-05
7.647899999999042e-05
8.215300000000147e-05
8.025200000000288e-05
8.286799999998595e-05
8.336000000000454e-05
8.42699999999974e-05
8.808800000001393e-05
8.149699999998594e-05
8.530900000000563e-05
8.802900000001723e-05
7.708800000000293e-05
5.5058999999996194e-05
4.539800000000205e-05
7.370100000000934e-05
8.53690000000018e-05
8.729800000001342e-05
7.305600000001577e-05
4.651899999999487e-05
4.531300000001903e-05
4.545000000000243e-05
4.436799999998908e-05
8.011699999999067e-05
8.083300000000238e-05
8.373400000000197e-05
8.178999999999825e-05
4.772399999999899e-05
4.563200000001766e-05
5.878300000000669e-05
6.347300000000833e-05
8.800999999999948e-05
8.133999999998531e-05
8.560100000001847e-05
8.426100000000214e-05
9.170699999999643e-05
8.433200000002028e-05
9.22129999999799e-05
7.996399999998793e-05
7.293599999999567e-05
4.6077000000005475e-05
4.5848999999986706e-05
4.498599999999686e-05
7.89139999999855e-05
8.485299999999585e-05
8.909900000000914e-05
8.885200000000038e-05
9.079700000000357e-05
8.736800000000433e-05
8.897399999999167e-05
8.542899999999798e-05
8.959099999999998e-05
8.53289999999951e-05
8.9494999999995e-05
8.521599999999907e-05
8.414200000000926e-05
8.412499999999046e-05
8.629599999998572e-05
8.652500000000396e-05
8.727999999999514e-05
8.358099999999924e-05
9.234899999999158e-05
8.814700000001063e-05
8.888000000001339e-05
8.076599999998213e-05
7.544500000000731e-05
8.05520000000115e-05
5.378799999999906e-05
4.538700000000784e-05
4.559399999998215e-05
6.878399999998841e-05
7.769399999998927e-05
8.316299999999721e-05
8.648899999999515e-05
7.461599999999957e-05
4.676700000000311e-05
4.8570999999997255e-05
5.286800000001146e-05
4.997800000000607e-05
9.592999999999408e-05
8.191199999998955e-05
8.321799999999602e-05
5.2226000000016315e-05
6.30400000000142e-05
8.088800000000118e-05
6.630499999998873e-05
5.2911000000016584e-05
4.995000000002081e-05
7.743000000001721e-05
7.855500000000792e-05
8.532999999999458e-05
5.30549999999963e-05
4.940700000000131e-05
5.0387999999984556e-05
4.807500000000853e-05
7.966900000000443e-05
7.773000000002583e-05
8.265300000001585e-05
8.077900000000304e-05
6.471499999999297e-05
5.085499999998855e-05
5.279199999999595e-05
7.952999999999433e-05
8.404199999997863e-05
9.836099999999126e-05
7.07350000000162e-05
6.742500000000984e-05
7.804699999999776e-05
7.423300000000688e-05
8.418900000001228e-05
7.734099999998079e-05
9.254699999999838e-05
8.412999999998783e-05
8.565899999998794e-05
7.517599999998237e-05
5.3456000000007275e-05
4.890099999999009e-05
5.029400000000628e-05
4.901400000001388e-05
7.674399999998971e-05
8.412499999999046e-05
5.310099999999984e-05
4.904800000002374e-05
4.875500000001143e-05
4.850099999997859e-05
4.9525999999994186e-05
4.7971999999979476e-05
7.351399999999675e-05
8.22339999999866e-05
8.17940000000239e-05
8.22739999999933e-05
5.8341000000017296e-05
4.9786999999995585e-05
5.0095e-05
4.8882999999999566e-05
8.286500000001529e-05
7.67180000000034e-05
7.556499999999966e-05
7.856800000000108e-05
0.00010684599999999378
9.419299999999242e-05
9.032200000000379e-05
9.200500000000611e-05
9.204300000001386e-05
9.115400000000995e-05
8.39980000000018e-05
8.205799999999597e-05
9.159200000000145e-05
9.158599999997685e-05
8.796299999999646e-05
8.947800000000394e-05
8.252699999999891e-05
8.583000000000895e-05
9.175100000000103e-05
8.686800000001771e-05
9.07880000000083e-05
8.688999999997837e-05
8.935999999998279e-05
8.597400000001643e-05
8.988599999998348e-05
8.875700000002262e-05
9.022599999999881e-05
8.901499999999785e-05
8.894700000000588e-05
8.740200000001419e-05
8.772499999998296e-05
8.976199999999324e-05
8.935500000001317e-05
0.00010414100000000204
7.397300000000495e-05
7.956099999997801e-05
5.343999999998794e-05
4.9498000000008924e-05
4.9421999999993416e-05
5.7936000000008425e-05
7.858199999999371e-05
8.034499999998168e-05
8.201999999998821e-05
7.646699999999673e-05
8.099599999999985e-05
5.1389999999984504e-05
5.076100000001027e-05
7.578999999999225e-05
8.036599999999838e-05
8.930499999998398e-05
8.117799999998732e-05
8.71939999999849e-05
7.958099999999524e-05
7.310300000001879e-05
7.397200000000548e-05
7.088800000001894e-05
7.766200000000612e-05
8.120899999999875e-05
7.518600000000486e-05
8.378700000000183e-05
8.234900000000933e-05
7.616199999999074e-05
7.117000000000928e-05
8.077900000000304e-05
7.983500000000032e-05
5.236100000000077e-05
5.0224999999987086e-05
4.868199999999434e-05
4.9076000000009e-05
7.458200000001747e-05
8.313199999998577e-05
7.899899999999627e-05
8.116499999999416e-05
5.14529999999791e-05
5.180499999998811e-05
7.706299999998834e-05
8.079699999999357e-05
8.817799999999432e-05
7.705099999999465e-05
8.384999999999643e-05
5.334699999998138e-05
5.13349999999857e-05
8.756400000001219e-05
7.994399999999846e-05
8.513399999998672e-05
7.728599999998198e-05
8.863200000000515e-05
0.00011056999999997652
7.644000000001094e-05
7.869499999998975e-05
8.582000000001422e-05
7.056299999999571e-05
8.617899999999179e-05
7.948299999999131e-05
8.675399999999445e-05
8.466499999998378e-05
9.917800000000532e-05
7.424400000000109e-05
8.738500000002314e-05
0.00010042299999998838
8.205799999999597e-05
5.234700000000814e-05
4.990599999998846e-05
7.39309999999993e-05
8.323999999998444e-05
5.132600000001819e-05
5.006500000001579e-05
4.8466999999996485e-05
7.69310000000023e-05
7.990699999999018e-05
8.562800000000426e-05
9.705600000001202e-05
5.1856999999988496e-05
4.8160999999991017e-05
4.81200000000126e-05
4.716199999998949e-05
4.764300000001387e-05
4.6471000000020135e-05
4.7693000000015306e-05
4.5866000000005513e-05
4.673900000001785e-05
6.576299999999646e-05
7.853599999999017e-05
8.417799999999032e-05
8.211699999999267e-05
5.2151999999999754e-05
5.000699999999081e-05
7.726600000002026e-05
9.39689999999993e-05
8.108300000000956e-05
8.847300000000557e-05
8.236300000000196e-05
8.697499999998914e-05
8.496099999999451e-05
8.683000000000995e-05
8.549399999999152e-05
0.00010248800000001168
8.959800000002405e-05
0.00010085099999998515
7.84719999999961e-05
8.982500000001559e-05
8.745200000001563e-05
8.80570000000025e-05
7.855799999997859e-05
0.00010308300000000381
9.746499999999103e-05
7.48319999999969e-05
5.4112999999994527e-05
4.888699999999746e-05
7.641899999999424e-05
8.820200000000944e-05
6.945799999999447e-05
5.221999999999172e-05
4.828300000001007e-05
7.83500000000048e-05
7.836399999999744e-05
9.826500000001404e-05
5.246300000000259e-05
6.122100000000019e-05
7.936100000000001e-05
9.297999999999251e-05
0.0001062719999999906
9.192700000001941e-05
9.277399999998992e-05
9.048100000000336e-05
8.894600000000641e-05
9.385900000000169e-05
8.28170000000128e-05
8.873900000000434e-05
8.737600000000012e-05
7.891100000001483e-05
8.313400000001248e-05
9.19390000000131e-05
8.69500000000023e-05
9.289400000001002e-05
8.736100000000802e-05
8.791599999999344e-05
0.00012303899999999146
9.099200000001195e-05
9.159599999999934e-05
9.438999999999975e-05
8.841699999997954e-05
8.373200000000303e-05
8.033699999998589e-05
8.805000000000618e-05
8.500799999999753e-05
8.381400000001538e-05
7.914600000000216e-05
5.340600000000584e-05
4.914500000000044e-05
4.968900000001941e-05
7.84129999999994e-05
8.345800000000847e-05
8.776899999998755e-05
0.000102657000000006
8.065399999998557e-05
8.964000000000194e-05
8.58889999999779e-05
8.971999999998759e-05
8.835099999998652e-05
8.575999999999029e-05
8.917299999999795e-05
9.122200000000191e-05
8.601099999999695e-05
8.70300000000157e-05
8.263199999999915e-05
8.546400000000731e-05
7.497000000000753e-05
7.642599999999056e-05
5.147999999999264e-05
5.003800000000225e-05
0.00011316399999999893
7.669099999998985e-05
8.709100000001135e-05
9.261199999999192e-05
8.952300000000801e-05
8.554199999999401e-05
7.604199999999839e-05
5.36170000000058e-05
4.942799999999026e-05
7.751300000000128e-05
7.91480000000011e-05
8.53350000000197e-05
8.709500000000925e-05
5.319300000000693e-05
7.30150000000096e-05
6.765999999999717e-05
7.736299999999696e-05
7.195900000001032e-05
6.714399999999121e-05
7.518900000000328e-05
7.613800000000337e-05
8.496299999999346e-05
5.3077000000012475e-05
5.1386000000014365e-05
7.718100000000949e-05
7.537000000001903e-05
7.528800000000668e-05
8.483800000000374e-05
8.17479999999926e-05
5.302699999998328e-05
5.111899999998837e-05
8.467299999997957e-05
5.29309999999783e-05
5.012100000001407e-05
7.226599999998751e-05
8.539399999998865e-05
5.2317999999995646e-05
5.052799999999413e-05
7.571900000000187e-05
8.32889999999864e-05
7.82489999999747e-05
8.329600000001047e-05
5.3706000000014464e-05
5.007900000000842e-05
7.436800000001909e-05
7.880700000001406e-05
7.640500000000161e-05
8.038099999999049e-05
8.82449999999868e-05
9.98150000000031e-05
8.86740000000108e-05
9.304799999998448e-05
9.21059999999807e-05
9.01269999999954e-05
8.79139999999945e-05
7.924000000000819e-05
8.081200000001343e-05
8.13980000000103e-05
9.197099999999625e-05
9.392199999999629e-05
9.202600000002281e-05
9.097199999999472e-05
8.833699999999389e-05
9.448099999997961e-05
9.264599999997403e-05
9.407499999997126e-05
7.427199999998635e-05
7.916499999999216e-05
5.251700000002968e-05
4.991300000001253e-05
5.3813999999985374e-05
8.208100000001162e-05
8.457500000003115e-05
7.748200000001759e-05
7.404300000002362e-05
9.709400000001978e-05
6.806999999997565e-05
6.811499999997972e-05
9.18739999999918e-05
8.599100000000748e-05
7.846599999999926e-05
5.185500000004506e-05
8.227300000002158e-05
7.440100000000172e-05
6.982399999999611e-05
8.105000000002693e-05
7.77519999999865e-05
8.363299999997187e-05
8.440199999998343e-05
7.181000000000548e-05
8.768700000000296e-05
9.095599999997539e-05
9.198199999999046e-05
9.017399999999842e-05
7.925099999994689e-05
7.924900000000346e-05
5.299899999999802e-05
5.0645999999987534e-05
8.122299999996363e-05
7.843700000004228e-05
8.364799999999173e-05
0.00011011500000002172
8.474099999999929e-05
8.387600000003825e-05
8.318800000001181e-05
5.261800000000427e-05
6.249499999999575e-05
5.102000000001272e-05
5.030899999997063e-05
4.86190000000275e-05
5.977099999998625e-05
8.381800000001327e-05
5.233799999998512e-05
4.897500000000665e-05
8.22449999999808e-05
5.209200000000358e-05
4.950600000003247e-05
6.154899999999408e-05
5.198699999997558e-05
8.14869999999912e-05
5.179899999996351e-05
4.841799999999452e-05
4.87750000000009e-05
4.84929999999828e-05
4.882999999999971e-05
7.686499999998153e-05
5.152699999999566e-05
4.938499999995738e-05
4.936999999999303e-05
4.772699999999741e-05
8.641200000003568e-05
7.798300000000369e-05
8.289200000000108e-05
8.337199999997047e-05
8.899299999998167e-05
