0.074429529
0.06699429500000004
0.0734361859999999
0.07976306599999994
0.0868894870000001
0.06918524700000006
0.07614041500000002
0.07165946600000006
0.07915940199999993
0.047982207
0.04845818100000021
0.04796931500000001
0.048256992
0.048642627000000216
0.04825386399999987
0.048063514999999946
0.04842737699999988
0.048022625999999846
0.04829043199999994
0.047663244999999854
0.0476708079999999
0.048339289999999924
0.04812749999999966
0.048219239999999886
0.0482822030000003
0.047703906000000185
0.04789497500000017
0.04753886899999982
0.04910934599999983
0.05023167899999992
0.048111762
0.04817916099999975
0.048271283000000054
0.048243864999999886
0.05287382800000007
0.04818550899999963
0.048164990000000074
0.051794630999999924
0.047797303999999485
0.048108710000000166
0.04808859699999957
0.04803455899999953
0.04800978600000061
0.04809702000000016
0.04803074500000015
0.04833926700000024
0.04885851500000005
0.0573214489999998
0.0481594800000007
0.04799925100000024
0.04810110399999967
0.04841151799999999
0.04779257800000014
0.04813536999999979
0.048037454000000146
0.04814839199999987
0.04808358100000021
0.04810843299999945
0.04810550799999991
0.04810097300000038
0.047951555000000035
0.05043010400000014
0.048056322999999956
0.04801870000000008
0.04819734799999953
0.048188265000000285
0.048219593999999866
0.04859713699999979
0.04813332899999967
0.047862300000000246
0.04778244099999984
0.04803946999999997
0.050542735000000505
0.04800450100000031
0.048742746999999476
0.04819982599999939
0.048186027999999936
0.04858358100000082
0.04821723299999903
0.04824859799999892
0.0485554429999997
0.05276046300000026
0.04823494300000064
0.048063074999999955
0.04807272599999912
0.04801446000000098
0.04821375800000105
0.047969853999999756
0.04826347299999867
0.04805316599999898
0.04851342400000114
0.04827910799999913
0.048320238000000515
0.04776842999999964
0.048043155000000226
0.04802271600000019
0.04795251799999889
0.048105066999999835
0.047888241000000775
0.048218388000000445
0.04770456900000042
0.048409229000000664
0.04814260200000042
0.04796162200000076
0.04809481500000068
0.048267229000000356
0.04793446200000062
0.04829046699999928
0.04822469900000037
0.048174477999999965
0.04809133999999915
0.048370262999998914
0.048029413000000076
0.04809926099999906
0.04835306100000025
0.048219006000000064
0.048126421000000974
0.04819530500000013
0.04790469499999972
0.04835182700000118
0.04821471799999877
0.04821038299999891
0.04822290699999954
0.04804512399999972
0.0508699220000004
0.04794758699999946
0.04808708199999856
0.04813706100000026
0.04831369599999924
0.04831345200000037
0.04830178599999968
0.04782161500000015
0.04827030799999932
0.04820164500000068
0.048386928000001106
0.048165685000000735
0.04930968500000077
0.04796560399999983
0.04811465899999945
0.04831987600000076
0.048036498000000094
0.047752242999999694
0.04858466299999975
0.04811248200000051
0.04827723700000064
0.04806349599999926
0.048242489999999805
0.04817460399999973
0.04842170099999876
0.04835548299999992
0.04805449300000042
0.04794050099999936
0.04784170400000143
0.04822410799999943
0.04771719200000035
0.047711473999999754
0.04804060800000087
0.0482306070000007
0.04804833900000105
0.04826595299999781
0.048266044000001784
0.048097007999999164
0.04773840300000032
0.04801899399999954
0.049496522999998405
0.048042723999998316
0.048114522999998854
0.04799223499999883
0.048067726999999394
0.04813320599999926
0.04804050399999937
0.04770874200000108
0.04779153899999855
0.04823401300000185
0.05740208599999974
0.04776690400000305
0.04796995199999898
0.04825810099999828
0.05110486799999947
0.04781599600000064
0.04797715900000199
0.04817943299999783
0.04805751100000322
0.04808107100000214
0.04793458600000022
0.047951982000000726
0.0478399550000006
0.04782898400000235
0.04770251999999786
0.04781661099999823
0.04792381500000076
0.04807436699999812
0.047775590000000534
0.04778578599999861
0.0481173030000015
0.048098192000001205
0.04805057799999801
0.04835370500000025
0.048116289000002865
0.0480650770000004
0.04795694300000264
0.048128668000000374
0.048096544999999935
0.048054556000000304
0.04822191700000289
0.048157064999998056
0.04826108500000004
0.048355818000000994
0.04820503100000195
0.04824332100000106
0.048260497000001124
0.04811570599999726
0.04833405299999782
0.04777111000000289
0.048196672999999635
0.04826904999999826
0.04820186699999951
0.048116185000001366
0.04796488800000276
0.04794724799999983
0.04795474799999866
0.04799130900000037
0.04817855199999954
0.048173730000002024
0.048111900999998625
0.04806868699999711
0.05591198600000169
0.04759837999999661
0.04814046800000327
0.048168684000000184
0.04806939099999852
0.04820424699999748
0.048122830000000505
0.048370845999997414
0.047800725000001876
0.04810608999999744
0.05108459599999904
0.048194599000002114
0.04818624600000021
0.04812261200000023
0.04802923000000092
0.04808769899999987
0.0481733559999995
0.04787525700000117
0.04800048200000262
0.04794780399999965
0.04802075499999958
0.048182874000001874
0.04828242500000002
0.04822920599999847
0.04809655999999762
0.048006898000000575
0.04811015699999999
0.04930576000000286
0.0480841209999987
0.047968285999999694
0.047760159999999274
0.047146138999998755
0.04805432599999904
0.04724982099999764
0.04836147099999977
0.04717407900000126
0.04810161300000004
0.047580287999998916
0.04842492599999915
0.047005542000000844
0.04804874100000234
0.04663366700000182
0.04758370000000056
0.04688852499999996
0.04751384200000075
0.04692188200000302
0.048142713000000725
0.046966979000000464
0.04823915999999784
0.0467359349999974
0.04837467999999845
0.04704398399999832
0.0480687369999977
0.046920957999997626
0.048216959999997755
0.04695039599999973
0.07745871599999887
0.046812611000000004
0.04760593199999974
0.047057878000000386
0.04805680600000173
0.04708323300000217
0.04764125500000205
0.04659457700000047
0.04764441000000019
0.04716845200000108
0.04802107500000119
0.04716866799999764
0.04809408400000237
0.04718374699999828
0.047806899000001124
0.0469858450000018
0.04808249499999917
0.04723184900000277
0.04825904200000153
0.04651844500000024
0.047882303000001514
0.04715225500000031
0.04821688299999849
0.0467478270000008
0.047605646000000945
0.04674956400000241
0.047679526999999666
0.04681022799999823
0.04778280400000057
0.04762425900000267
0.048136844000001844
0.04713995099999835
0.048165562000001216
0.04754947300000012
0.04831980799999869
0.047188508999997936
0.04821750300000005
0.04712002099999779
0.048332222999999175
0.04695866999999865
0.04818816999999953
0.04714564700000068
0.048181339000002765
0.04712042799999949
0.048114637000004734
0.047076046000000815
0.048339502000004586
0.04699117700000244
0.048115825000003554
0.04713318799999655
0.04794073200000071
0.04705376200000444
0.04810014400000284
0.04703155800000047
0.0483527900000027
0.047146687000001464
0.04820311000000288
0.04715316300000438
0.04798357600000003
0.04745825399999859
0.04810060099999447
0.04724631300000226
0.0481193640000015
0.04736015099999946
0.047975215999997545
0.047120943999999554
0.04820885499999861
0.04730148900000586
0.048065661999999065
0.04672374799999801
0.04812086399999771
0.04710254899999455
0.04900577100000447
0.04659918200000135
0.047699107999996215
0.047238456999998846
0.04788768999999604
0.046687692999995534
0.0477106260000042
0.04681662499999817
0.04768537399999673
0.046913077000006354
0.048440878000000964
0.047089661000001115
0.048076511000004984
0.04693418399999416
0.04822526199999544
0.047077106000003255
0.048223545999995565
0.047064406000004055
0.048037829999998394
0.04700093900000013
0.04799965499999814
0.04701477799999765
0.048279432999997596
0.0470855750000041
0.048358683000003566
0.047077102999999454
0.04830073900000542
0.047187985999997295
0.04810713399999855
0.0472097659999946
0.05215794899999793
0.04691796100000545
0.04778937100000036
0.04703797199999826
0.04804885200000086
0.04743881899999991
0.04833918300000306
0.04717667100000256
0.04801117299999902
0.047011792999995805
0.055251092000006
0.04655831899999896
0.048062299999998004
0.04716064300000511
0.0478489979999992
0.04725441400000108
0.04811981799999643
0.046989596000003075
0.04831506000000019
0.047130950000003224
0.048170824999999695
0.05386512599999804
0.0480858820000023
0.046961138999996876
0.0482043989999994
0.04734923699999882
0.04817703399999829
0.047183480000001055
0.04832517999999908
0.04745090200000135
0.0482673849999955
0.04786405200000132
0.048123159999995835
0.0478370630000029
0.0487413090000004
0.04720980999999824
0.048133397999997385
0.047092821999996204
0.04806741600000208
0.04737941799999845
0.04806361299999651
0.047494857000003776
0.047612527999994825
0.047325876999998684
0.04772636999999946
0.04669644299999476
0.04851226499999939
0.05285916300000082
0.04822557399999994
0.04710355499999963
0.04817785600000235
0.04713089099999479
0.048244842000002564
0.04714217499999762
0.04813924000000469
0.04719619600000158
0.048232831999996506
0.047228531000001794
0.048299071000002414
0.04713246900000456
0.048078810999996335
0.04712732699999833
0.05236583199999956
0.04666120199999568
0.049615860999999484
0.04704351800000239
0.04804429899999718
0.04702656599999955
0.048144891999996275
0.04701180300000374
0.04791938700000031
0.04702650400000152
0.04795671299999782
0.052747602000003724
0.04805815299999949
0.04707171999999815
0.04799115200000159
0.04748366100000112
0.049949967999999956
0.04692938800000235
0.04813598399999819
0.04706789800000166
0.04818321700000183
0.047157075000001214
0.04835316199999795
0.04701095099999719
0.04837177099999934
0.046931927999999346
0.049762217999997915
0.047069264000001
0.048043485000000885
0.04668392700000368
0.048032033999994894
0.04696517800000066
0.048079725000000906
0.046981207000001746
0.04799042300000167
0.047078312000003564
0.04821807199999739
0.0473345349999974
0.04821253999999442
0.04691880000000026
0.0479769129999994
0.04689343300000104
0.048030423000000155
0.047162808000003054
0.048105310000003954
0.04727162700000065
0.04821741099999599
0.04697033200000078
0.04823250300000126
0.046700822999994784
0.04784861299999932
0.04666377399999533
0.048126086999999984
0.047162279999994894
0.048083392999998864
0.04664982999999978
0.04766472400000055
0.04673913100000249
0.047562884000001304
0.047159907000001056
0.048309889000002215
0.047056629000003625
0.04788319700000443
0.04693629399999821
0.048167997000000184
0.047014212000000555
0.048231727000001
0.04701503199999735
0.04770563000000294
0.04671328700000288
0.04757904100000587
0.04700126399999505
0.04809173900000019
0.04673994600000242
0.04811474999999632
0.047044800999998415
0.04793462900000378
0.046690695000002336
0.04784804299999479
0.04692378200000036
0.047661258999994516
0.04680092099999911
0.047742753999997944
0.04699703500000396
0.048079934999996965
0.046865189000001806
0.047720726999997964
0.04696591499999414
0.04826076599999851
0.047267178999994997
0.047720808000001114
0.04730043400000028
0.04812764499999389
0.04701538099999425
0.04807992700000341
0.04703502199999576
0.04802073500000148
0.04690127399999966
0.0480469190000008
0.047011171000001184
0.0480822159999974
0.04731658499999725
0.04812975800000174
0.04693613900000315
0.04806156100000436
0.04696199099999632
0.04834275099999985
0.04713957200000607
0.04746928099999792
0.04684547600000144
0.04767338799999976
0.04662278200000003
0.048110599000004584
0.04673990599999911
0.04793532300000436
0.04664989599999814
0.04784868000000131
0.046851976000006346
0.04806777200000312
0.04712756600000034
0.048411349000005544
0.04722203400000069
0.04810649800000277
0.05218959900000186
0.048196160999999904
0.04712591100000196
0.04988257900000548
0.04951350199999638
0.047956165999998746
0.04674626399999937
0.048256131999998786
0.04736009000000507
0.04805353699999415
0.0471405890000014
0.04808009900000343
0.047158144000000846
0.04802665900000136
0.04700187299999925
0.04802713700000538
0.047087748999999235
0.04792314000000175
0.04707201000000083
0.04790859199999886
0.04686862799999858
0.04811612000000309
0.047620911999999294
0.04799126500000028
0.04726185999999899
0.04796518399999883
0.04884268899999711
0.048241732999997566
0.04734814500000084
0.04816084899999851
0.04669495499999954
0.04772279699999871
0.04665792899999843
0.04830932499999818
0.047380146999998374
0.04819768099999777
0.047085832999997024
0.047547443999995664
0.04804029299999968
0.0470542169999959
0.04813096499999858
0.04718693600000279
0.04840359999999322
0.04712066300000117
0.04816011300000156
0.04698545200000126
0.05781698100000199
0.046809137000003886
0.04797220999999752
0.04706569300000041
0.0480184649999984
0.04707671600000651
0.04809051000000153
0.04705081500000574
0.0477209760000008
0.04717855199999832
0.048209522000000504
0.04698272000000259
0.04810846600000218
0.04729046899999645
0.0482158780000006
0.04646796999999481
0.04811480300000426
0.046963069999996776
0.04814397899999534
0.046870855000001654
0.047828223999999864
0.047156318999995506
0.048045053000002724
0.04698468000000133
0.04831205499999669
0.04700150200000053
0.048109394000000805
0.04713387299999994
0.04790082399999562
0.0468416220000023
0.047634997999999484
0.04694950100000028
0.047923284999995985
0.04737501200000338
0.051901108999999224
0.04724568500000004
0.047775037999997494
0.04693368199999526
0.04780847499999652
0.046771978000002434
0.04776897800000057
0.04712203300000084
0.04817912600000085
0.046986455000002536
0.04828838199999552
0.047006546000005756
0.047870029999998565
0.0471739580000019
0.048154984999996486
0.047012069999993855
0.04843784900000969
0.04707303600000046
0.0633035700000022
0.04787057000000061
0.047694948999989606
0.04752077900000984
0.04805347099998869
0.04712011599998789
0.048301794000011
0.046982034000009776
0.04812404300000139
0.046970372999993515
0.04830281800001046
0.04721665200000302
0.04830666699999142
0.04734824199999821
0.04834853799999905
0.04642426200000216
0.048087390999995705
0.04688614599999141
0.04805932299998972
0.04699280900000247
0.048134692000004975
0.047211693999997806
0.0480357400000031
0.04726968500000339
0.048138542999993206
0.04699389699999301
0.048065090999998006
0.047378837000010776
0.04807618899999966
0.04768052700001135
0.0483549290000127
0.04715000499999178
0.04800275600000248
0.047048584999998866
0.048348657000005346
0.046766566000002285
0.04776459800000055
0.046909177999992835
0.047758154999996805
0.04656854499999952
0.0485720960000009
0.047556475999996906
0.04822748299999091
0.05195699399999398
0.04794478600000218
0.047226600000001895
0.048483368999995946
0.04708234499999264
0.048070678000001976
0.04751405400000408
0.04827009699999962
0.04656082900000058
0.04781011900000465
0.04720168400000091
0.04769830000000752
0.04724356399999863
0.04805442600000731
0.046671977000002585
0.048341897000000245
0.04713760699999625
0.0482915700000035
0.04709713399999771
0.048032781999992835
0.04707247300000006
0.048343681000005745
0.04697313600000541
0.04823585399999786
0.04714984999999672
0.04796779699999831
0.047110498000009216
0.04805660700000658
0.04704385600000194
0.0478893380000045
0.04705529199999603
0.04838621399998999
0.04723555900000065
0.04823464099999342
0.047222642000008364
0.04772015300000021
0.04679857600000048
0.04821159899999827
0.04778784099998745
0.04814843599999108
0.04715295999999114
0.048096549999996796
0.04669709199998806
0.047695192999995584
0.047026935999994635
0.0476454369999999
0.0467617099999984
0.04781561900000497
0.046967341999987866
0.047658252000005064
0.046931791000005774
0.04775478799999178
0.04690306700000235
0.0476914660000034
0.04660694799999021
0.04747695599999702
0.04624664800000744
0.04777768600000343
0.047055252999996355
0.04815819499999918
0.04698935300000073
0.04786310100000435
0.046992760999998495
0.04824280900000133
0.04743188999999859
0.048009755999999015
0.046640124999996146
0.048270617000000016
0.04714874100000088
0.048135118000004695
0.047207107999994946
0.04817000200000621
0.04707908999999688
0.048338564000005135
0.047263713000006646
0.047944376000003786
0.047111669000003076
0.04823957199999995
0.04703090799999643
0.04791764600000192
0.0468531559999974
0.047533981000000836
0.04717006799999979
0.048146037999998725
0.04719156699999871
0.048274163999991515
0.04705339299999878
0.04791925799999319
0.047163468000007924
0.04804866499999605
0.047113049999992995
0.04831827099999941
0.047078275000004055
0.04812176699999782
0.047028957000009086
0.04819195199999626
0.04721030999999698
0.04814199900000915
0.04715100800000016
0.04805253700000378
0.04712850199999252
0.04823428499999238
0.04704757899999379
0.04815710400001194
0.047955486999995856
0.04815494800000408
0.04729585500000155
0.04816537099999607
0.04672441399999627
0.0480754710000042
0.04718188400001111
0.04816920199999686
0.046841016999991325
0.04795647599999597
0.04711199300000146
0.053701924999998596
0.04697524899999905
0.04809063899999444
0.04707302299999583
0.0478661079999938
0.04721347900000694
0.04794893199999706
0.04703029300000594
0.04829381899999419
0.04720237200000099
0.05455271300000675
0.04665144899999518
0.048119268000007764
0.047269767999992496
0.0482154129999941
0.04734296799999527
0.048200897000000964
0.046979312000004825
0.04810085400001185
0.047289057999989836
0.04806685800001276
0.05345163900000216
0.04816027500000075
0.05233382899999128
0.048080634999990934
0.047034264999993525
0.04821327000000508
0.04699168499999473
0.04786822799999868
0.04710007600000665
0.04800216399999613
0.047008078000004616
0.05159763499999315
0.046994654000002356
0.04807055800000626
0.04708380700000703
0.048345785999998725
0.04687001400000668
0.047941377000000784
0.0468782530000027
0.04807032799999433
0.04699745499999608
0.04774562999999432
0.04703128499998854
0.04771855799999969
0.04675520600000027
0.04791908699999681
0.04700568599999144
0.04811671299999887
0.04698891500000002
0.047715718999995715
0.0471647770000061
0.04820154500001195
0.04702776399999209
0.04819424699999786
0.04675824900000691
0.048024331999997116
0.047059816000000865
0.048009144999994646
0.04697042399999418
0.047975360999998884
0.04716808399999195
0.050363142999998445
0.046685385999992945
0.04809024400000794
0.04713079400001163
0.04809451399999887
0.04706874900000457
0.0478687549999961
0.049336421999996105
0.04783487099999206
0.046528942999998435
0.04802010000000223
0.05302518199999895
0.048278870000004304
0.04758347899999649
0.04796042700000669
0.04685832100000198
0.048033396999997535
0.047044799000005355
0.04790884199999823
0.046985052000010796
0.048301244999990445
0.04707036099999584
0.04802849699999001
0.04713776599999164
0.04803158500000393
0.04725541499999508
0.04793140199998902
0.047118840999999634
0.0479663369999912
0.047047153999997704
0.048428138999994985
0.04746198400000878
0.048139192000007824
0.047167148999989195
0.05465915099999563
0.04718416800000114
0.04817304400000921
0.04699661400000821
0.047744772999990914
0.04690674900000147
0.04813614600000449
0.04704883400000881
0.04827273099999729
0.04711195200000873
0.0483479180000046
0.04727183100000332
0.048116379999996184
0.0468540680000018
0.047784002000000214
0.04663675799999112
0.04801773700000922
0.046711565000009614
0.04776795500001185
0.04895387800000606
0.047808583000005456
0.04745046799999386
0.047633065999988844
0.047212134999995214
0.04819636499999547
0.04721743999999717
0.04805918200000292
0.04711106199999904
0.04805590200000154
0.047136045000002014
0.04808982000000128
0.04727321300001108
0.04841901599999687
0.04706712700000537
0.04818139699999335
0.046875705999994466
0.04817413199999976
0.046847709999994436
0.04779576299999633
0.046612272000004396
0.04777367500000196
0.04674765900000466
0.047852321999997116
0.04668445899999085
0.04784623000000465
0.04699015299999587
0.048120504000010556
0.046952206000000274
0.048126687000006996
0.04686662299999966
0.04806144100000154
0.04702224400000432
0.04824502300000688
0.04737704100000428
0.048121838999989563
0.04709985200000233
0.04814604099999542
0.04702011399999151
0.04809462099998996
0.04696899699999335
0.04813158400000361
0.04694174000000828
0.048174668000001475
0.04698976899999252
0.04754098299999043
0.04705912700001136
0.048106567999994354
0.04712001299999713
0.04917068899999322
0.04676744599998983
0.04797556900000188
0.04738630299999613
0.0481890429999936
0.04711945100000037
0.04820072100000061
0.046846344000002205
0.04818317299999819
0.047249202000003265
0.048067119000009484
