0.00010815200000000025
8.907099999999613e-05
4.875000000000018e-05
4.558699999999971e-05
5.112499999999909e-05
8.665300000000598e-05
4.6598999999994395e-05
4.516499999999979e-05
4.466499999999929e-05
5.535599999999946e-05
8.710100000000609e-05
4.893600000000636e-05
4.492600000000069e-05
4.668399999999823e-05
8.775800000000028e-05
4.6782000000002155e-05
4.5368999999996495e-05
8.198700000000558e-05
7.920200000000044e-05
8.040100000000078e-05
8.536299999999802e-05
0.00011856799999999945
8.18230000000017e-05
8.724499999999968e-05
8.840100000000184e-05
8.768099999999918e-05
8.781100000000014e-05
8.696100000000345e-05
8.569399999999727e-05
4.674400000000134e-05
4.5052000000003756e-05
4.5222999999997016e-05
4.5029000000001984e-05
5.4152000000001754e-05
4.491000000000217e-05
4.476700000000111e-05
7.990100000000028e-05
5.3627000000000535e-05
4.524699999999826e-05
4.5039999999996194e-05
4.5085000000000264e-05
7.666799999999502e-05
7.924299999999967e-05
4.7090999999999106e-05
4.459600000000091e-05
7.558099999999818e-05
9.667099999999956e-05
4.528000000000171e-05
4.336199999999818e-05
4.334900000000502e-05
4.316900000000262e-05
4.320399999999808e-05
4.3576999999996036e-05
4.329399999999928e-05
5.7938000000000434e-05
7.423699999999783e-05
7.512900000000017e-05
8.069000000000132e-05
4.465599999999015e-05
4.337299999999933e-05
8.663300000000262e-05
7.681199999999555e-05
7.933300000000088e-05
8.491599999999044e-05
4.6542999999996115e-05
4.485699999999537e-05
4.4463999999994064e-05
7.76119999999908e-05
9.286299999999859e-05
0.00011613600000000279
4.656499999999841e-05
4.487600000001313e-05
4.449200000000708e-05
7.802099999999756e-05
7.91740000000013e-05
8.99869999999997e-05
8.384599999999853e-05
7.890800000000253e-05
9.257299999999857e-05
8.195900000000644e-05
8.877899999999717e-05
9.462100000000306e-05
8.869800000001204e-05
8.957699999999347e-05
9.072100000000194e-05
8.468000000000364e-05
8.462100000000694e-05
4.617299999999658e-05
4.482799999999676e-05
4.458899999999766e-05
9.947700000000059e-05
8.742700000000103e-05
8.812800000000676e-05
8.978000000001152e-05
8.92920000000047e-05
9.056200000000236e-05
8.94940000000094e-05
8.678000000000852e-05
8.661499999999822e-05
7.774299999999124e-05
4.574100000000192e-05
4.5007000000013564e-05
4.466599999999876e-05
7.56960000000001e-05
8.141200000000293e-05
4.678600000000699e-05
4.486500000000504e-05
4.4602000000004693e-05
4.447100000000426e-05
8.33659999999875e-05
4.678099999999574e-05
4.4636000000000675e-05
7.543399999999922e-05
4.5476000000002625e-05
4.5270999999999506e-05
8.09940000000009e-05
8.73769999999996e-05
8.173200000000103e-05
8.575400000000732e-05
9.274399999999183e-05
9.753200000001128e-05
9.06970000000007e-05
8.798799999999718e-05
8.960700000000543e-05
8.404600000000428e-05
8.84909999999961e-05
8.618500000000251e-05
8.718000000000614e-05
8.914299999999986e-05
8.369099999999685e-05
0.0001390379999999941
8.822100000001332e-05
7.589900000000427e-05
5.7506000000012714e-05
4.502799999998863e-05
4.4900000000000495e-05
4.464599999999541e-05
7.843400000000222e-05
8.734499999998868e-05
8.777800000001057e-05
8.43720000000131e-05
7.908199999999421e-05
8.846599999999538e-05
7.803900000000197e-05
8.370400000000389e-05
8.206999999998965e-05
8.23769999999946e-05
8.310899999999788e-05
8.809299999999742e-05
9.170699999999643e-05
0.00010805399999999632
8.232299999999526e-05
8.540899999999463e-05
7.946400000000131e-05
8.477799999999369e-05
4.578099999999474e-05
4.532900000001061e-05
4.478400000000604e-05
8.040799999999015e-05
8.323600000000042e-05
9.407399999999955e-05
9.7027999999999e-05
4.579200000000283e-05
4.46160000000112e-05
4.4549000000004835e-05
4.417399999999405e-05
4.4451000000000906e-05
4.414400000000984e-05
4.444399999999071e-05
4.418500000000214e-05
4.43779999999977e-05
4.4199999999994244e-05
4.4277000000009226e-05
4.4182999999989314e-05
7.635199999998787e-05
7.879700000000545e-05
8.049300000000092e-05
8.27770000000061e-05
8.02959999999936e-05
5.556600000000689e-05
4.470999999998948e-05
4.458100000000187e-05
4.476200000000374e-05
4.469299999999843e-05
5.235000000000656e-05
7.983100000000243e-05
8.33689999999998e-05
8.248399999999378e-05
9.500799999999365e-05
8.423500000000195e-05
9.155599999999264e-05
8.807000000000953e-05
9.290100000000634e-05
9.103399999998985e-05
8.17950000000095e-05
4.6932999999999e-05
4.47560000000069e-05
4.587100000000288e-05
4.6171999999997104e-05
4.461399999999838e-05
4.45580000000001e-05
6.434699999999238e-05
4.488099999999662e-05
4.4727999999993884e-05
7.375599999999427e-05
8.451599999999282e-05
8.413599999999855e-05
8.754600000000778e-05
8.728099999999461e-05
8.792999999999995e-05
8.812499999999446e-05
8.752199999999266e-05
8.713999999999944e-05
8.819899999999714e-05
8.729199999998882e-05
8.726600000000251e-05
8.748599999999773e-05
7.972800000000113e-05
9.658999999999363e-05
0.00010135099999999952
8.170899999999925e-05
8.347999999999689e-05
8.533899999998984e-05
8.269199999999532e-05
8.764199999999889e-05
8.380800000000466e-05
9.841800000000289e-05
9.156000000000442e-05
8.884700000000301e-05
8.940400000000126e-05
8.094100000000104e-05
7.716700000000298e-05
8.153899999999159e-05
5.790599999999646e-05
8.1313999999999e-05
5.129099999999498e-05
9.244099999999866e-05
8.549600000000435e-05
7.99939999999999e-05
4.5126999999992035e-05
4.540499999999836e-05
7.71110000000047e-05
8.320500000000286e-05
4.521899999999912e-05
6.731999999999572e-05
7.716800000000246e-05
8.708300000000169e-05
7.986699999999736e-05
4.6004000000002265e-05
4.548299999999894e-05
4.500300000000179e-05
7.5313999999993e-05
8.924200000000326e-05
8.809599999999584e-05
8.607900000000279e-05
7.169699999999557e-05
8.47290000000056e-05
7.952199999999854e-05
8.978699999999395e-05
8.835699999999724e-05
8.847099999999275e-05
8.57119999999878e-05
8.803999999999756e-05
8.665599999999052e-05
8.611299999999877e-05
7.785199999998937e-05
8.592200000000216e-05
8.84319999999994e-05
9.072699999999878e-05
8.905500000000455e-05
8.329999999999449e-05
8.802000000000809e-05
9.00099999999876e-05
8.926200000000661e-05
8.619499999999725e-05
8.882800000001301e-05
9.16529999999971e-05
0.00013080899999999562
8.318000000000214e-05
8.506399999999581e-05
9.17740000000028e-05
8.989999999998999e-05
8.987600000000262e-05
7.92100000000101e-05
8.886600000000688e-05
9.765800000000047e-05
8.181300000000002e-05
0.00011347799999998631
8.998600000000023e-05
8.476000000000317e-05
8.984700000000401e-05
8.679000000000325e-05
8.969899999999864e-05
8.696400000000881e-05
7.406800000001046e-05
6.896600000000364e-05
7.557900000000617e-05
7.780899999999813e-05
7.150300000000054e-05
7.70269999999934e-05
7.25520000000035e-05
8.46560000000024e-05
8.97299999999962e-05
0.00010384799999998973
9.073599999999404e-05
9.843400000000835e-05
9.093699999999927e-05
7.044800000000073e-05
8.848300000000031e-05
7.452800000000426e-05
7.887000000000866e-05
0.00011784199999999301
6.825500000000317e-05
6.758700000000784e-05
7.046700000000461e-05
7.310300000000491e-05
8.153700000000652e-05
7.18390000000041e-05
8.397999999999739e-05
0.0001160510000000059
8.425800000000372e-05
7.302199999999204e-05
6.901799999999014e-05
9.60949999999905e-05
9.239299999999617e-05
7.671699999999004e-05
7.494199999999451e-05
6.348200000000359e-05
8.014299999999086e-05
8.146100000000489e-05
7.684000000000857e-05
8.972100000000094e-05
8.649299999999305e-05
7.136299999999096e-05
7.593799999999762e-05
8.046999999999915e-05
8.776500000000353e-05
8.259800000000317e-05
8.91749999999969e-05
8.808800000000006e-05
8.809100000001235e-05
8.451399999999387e-05
7.245599999999852e-05
8.5909000000009e-05
8.14869999999912e-05
7.717200000000035e-05
8.208000000001214e-05
7.508300000000356e-05
5.221999999999172e-05
4.414899999999333e-05
4.459699999999345e-05
4.367999999999039e-05
8.204800000000123e-05
8.286999999999878e-05
7.946899999999868e-05
7.741499999999735e-05
8.221399999999712e-05
8.462499999999096e-05
9.133899999999584e-05
8.971099999999232e-05
8.950500000000361e-05
8.929700000000207e-05
9.146299999999996e-05
9.17079999999959e-05
9.336399999999856e-05
8.170700000000031e-05
9.163399999999322e-05
8.600599999999958e-05
8.463499999999957e-05
8.410600000000046e-05
8.938699999999633e-05
8.560200000000406e-05
9.17559999999984e-05
8.677699999998234e-05
8.990200000000281e-05
8.758400000000166e-05
8.909699999998244e-05
8.837200000000323e-05
8.642100000000319e-05
8.852100000000807e-05
9.094500000000894e-05
8.800999999999948e-05
9.072799999998438e-05
8.996599999999688e-05
9.031500000000747e-05
7.665700000000775e-05
7.939999999997949e-05
6.238599999999761e-05
4.3552000000002256e-05
4.294500000001644e-05
4.439800000000105e-05
4.245799999999522e-05
4.2933999999994477e-05
4.2181000000002244e-05
4.4244999999998313e-05
4.3546000000005414e-05
4.454000000000957e-05
4.389499999998825e-05
4.4539999999981816e-05
6.952100000001682e-05
7.729600000000447e-05
0.00010001900000000674
9.360799999999503e-05
7.131999999998584e-05
6.297299999999395e-05
4.430099999999659e-05
4.46169999999968e-05
7.60380000000005e-05
8.658300000000119e-05
8.812599999999393e-05
8.415100000000453e-05
4.592100000000432e-05
4.483099999999518e-05
4.3690000000012885e-05
7.454699999998038e-05
9.859700000000582e-05
6.024900000001221e-05
4.412599999997768e-05
4.494499999999069e-05
8.074399999999371e-05
8.732300000000026e-05
9.375899999999882e-05
7.158199999998671e-05
4.290800000000816e-05
4.308899999999616e-05
4.2584999999983886e-05
4.3050000000016686e-05
4.2477000000012977e-05
4.296499999997816e-05
4.2770999999997006e-05
5.047099999999638e-05
8.362000000000647e-05
8.834399999999021e-05
8.498400000001016e-05
8.888200000001234e-05
7.634399999997821e-05
8.714199999998451e-05
8.398099999998299e-05
0.00011494699999997637
4.4314000000017506e-05
4.4749000000010586e-05
7.59410000000238e-05
7.680099999998746e-05
4.415599999998965e-05
4.4506999999999186e-05
4.378299999999169e-05
4.438800000000631e-05
7.811500000001748e-05
8.605899999999944e-05
7.834400000000796e-05
4.854699999998213e-05
4.4157999999988595e-05
4.480999999997848e-05
7.906299999999034e-05
8.669600000002498e-05
4.71729999999837e-05
4.5143999999996964e-05
4.389799999998667e-05
4.4736999999989147e-05
7.941000000000198e-05
8.287299999998332e-05
8.256000000000929e-05
0.00010610899999999313
7.871999999997659e-05
8.935299999998647e-05
8.803700000001302e-05
8.72299999999937e-05
8.728099999999461e-05
8.89500000000043e-05
0.00010526299999999433
7.218300000000344e-05
8.180099999999246e-05
7.214499999999568e-05
8.300099999999921e-05
8.515300000000448e-05
8.940199999998844e-05
8.504700000000476e-05
0.00010416399999998993
7.13900000000045e-05
7.838900000001203e-05
8.390499999999523e-05
8.496299999999346e-05
4.445799999999722e-05
4.4448000000002486e-05
4.410099999999084e-05
7.996600000001464e-05
7.791500000001172e-05
5.8267000000000735e-05
4.550500000000124e-05
5.548799999999243e-05
8.10930000000043e-05
9.111900000000062e-05
9.068400000000754e-05
7.563599999999004e-05
8.280099999999346e-05
7.039100000000298e-05
7.434700000000238e-05
8.991400000002425e-05
8.381199999998867e-05
8.664699999999526e-05
8.043999999998719e-05
8.832699999999916e-05
8.249199999998957e-05
9.93880000000058e-05
8.584800000002724e-05
8.69750000000169e-05
8.480799999999178e-05
9.068700000000596e-05
8.217500000001765e-05
8.980299999999941e-05
8.980799999999678e-05
9.114900000001258e-05
8.856800000001108e-05
8.786600000001976e-05
8.556100000001177e-05
9.053900000000059e-05
8.629099999998835e-05
8.19689999999873e-05
6.886600000000076e-05
8.270199999999006e-05
8.368999999999738e-05
0.00011384100000000341
8.662000000000947e-05
9.219799999998779e-05
8.943399999999935e-05
8.009400000000277e-05
8.507300000001883e-05
9.256999999998627e-05
7.893400000000272e-05
0.00010838500000001638
9.223099999999818e-05
7.391899999997786e-05
7.586500000000829e-05
8.892199999999129e-05
8.81349999999892e-05
9.135899999998531e-05
9.036099999998326e-05
9.054899999999533e-05
8.968099999998036e-05
9.958499999998538e-05
8.764699999999626e-05
8.440800000000803e-05
8.994600000000741e-05
8.981699999999204e-05
7.546499999999678e-05
8.453699999999564e-05
8.576599999998713e-05
0.0001248820000000206
7.080900000000501e-05
7.783899999999622e-05
4.458100000001575e-05
4.484400000001609e-05
4.380100000000997e-05
7.239299999997617e-05
7.839200000001045e-05
7.824999999997417e-05
8.74659999999805e-05
8.837400000000217e-05
8.32149999999976e-05
9.93960000000016e-05
8.489999999999887e-05
8.897499999999114e-05
8.457499999997564e-05
9.05689999999848e-05
8.735700000001012e-05
9.012599999999593e-05
8.359299999999292e-05
0.0001244150000000166
8.083300000000238e-05
7.663800000001775e-05
4.6309999999993856e-05
4.4935999999995424e-05
4.376700000000011e-05
4.4535000000012204e-05
4.3738000000015376e-05
4.4364000000018944e-05
4.392699999999916e-05
4.497200000000423e-05
7.63600000000253e-05
8.416399999999769e-05
8.913400000001848e-05
8.952700000000591e-05
8.763100000000468e-05
7.704699999999676e-05
6.802399999999986e-05
4.521200000001668e-05
4.39580000000106e-05
8.436000000000554e-05
8.164799999998973e-05
8.412800000001663e-05
4.71200000000116e-05
4.526299999998984e-05
4.4288000000003436e-05
7.894399999999746e-05
8.242599999999656e-05
4.615999999998954e-05
4.4063000000010843e-05
7.574299999998924e-05
7.88109999999842e-05
8.128500000001426e-05
5.446500000000354e-05
4.498199999999897e-05
4.396799999997758e-05
7.747999999999089e-05
8.30129999999929e-05
4.473799999998862e-05
4.38550000000093e-05
7.867500000000027e-05
5.47370000000269e-05
4.496000000001055e-05
7.074399999998371e-05
8.314199999998051e-05
8.221799999999502e-05
4.6151000000022036e-05
4.3858000000007724e-05
7.976000000001204e-05
7.528299999998156e-05
4.51979999999963e-05
4.376899999999906e-05
5.1392999999982925e-05
7.70990000000249e-05
7.559400000001215e-05
8.056500000000466e-05
9.076299999999371e-05
8.835600000001165e-05
9.106200000000286e-05
9.759700000000482e-05
9.175100000000103e-05
8.732499999999921e-05
9.005600000000502e-05
8.447100000000263e-05
7.842800000001926e-05
8.90319999999889e-05
8.891699999999392e-05
0.00012372799999998962
9.036000000001154e-05
8.965599999999352e-05
9.055999999998954e-05
8.934699999998963e-05
9.06780000000107e-05
7.64530000000041e-05
4.6733999999992726e-05
4.407100000000663e-05
6.344699999999426e-05
4.373199999999078e-05
4.484400000001609e-05
5.2333000000015506e-05
8.265499999998704e-05
4.474899999998283e-05
4.477199999999848e-05
4.422500000000884e-05
7.895699999999062e-05
7.749200000001233e-05
5.300000000002525e-05
4.4786999999990584e-05
4.445799999999722e-05
6.956199999999524e-05
4.520300000002142e-05
5.043900000001322e-05
5.400100000002572e-05
4.390299999998404e-05
4.446400000002182e-05
7.559900000000952e-05
4.586200000000762e-05
4.389700000001495e-05
7.851400000000175e-05
4.4381000000009996e-05
4.445000000000143e-05
5.4917000000015426e-05
4.4684000000017043e-05
4.372899999999236e-05
4.453600000001168e-05
4.3533000000012256e-05
7.855100000001003e-05
7.35920000000112e-05
7.696600000001164e-05
8.537999999999601e-05
9.099099999998472e-05
8.859899999999477e-05
8.756200000001324e-05
7.622099999998744e-05
8.290300000002304e-05
4.488699999999346e-05
0.00010444099999998291
8.308800000000893e-05
7.841799999999677e-05
7.865000000001343e-05
8.204000000000544e-05
8.040100000000772e-05
4.528000000000865e-05
4.3951000000014284e-05
7.989799999999492e-05
7.138100000000924e-05
4.505799999998672e-05
4.3986999999995335e-05
5.884100000000392e-05
8.149200000001633e-05
4.7223000000012894e-05
4.407900000000242e-05
7.928999999998187e-05
7.499599999999385e-05
4.5359999999994294e-05
4.372499999999446e-05
0.0001036719999999991
0.000108514000000004
8.353599999999517e-05
7.826699999999298e-05
9.592199999999829e-05
8.868200000000659e-05
7.207300000000583e-05
7.646499999999778e-05
4.746199999999812e-05
4.4077000000003475e-05
4.536399999999219e-05
7.548399999998678e-05
4.964399999998759e-05
4.3829999999994707e-05
4.477199999999848e-05
4.452499999998971e-05
4.441199999999368e-05
4.35980000000058e-05
4.4333000000007505e-05
4.494499999999069e-05
4.486300000000609e-05
4.361999999999422e-05
6.554699999999913e-05
4.422200000001042e-05
4.496400000000844e-05
4.5191999999999455e-05
4.58339999999946e-05
4.414099999999754e-05
4.510800000001591e-05
4.377199999999748e-05
4.439000000000526e-05
7.598899999999853e-05
5.053799999998887e-05
4.239400000000115e-05
4.295099999998553e-05
6.697299999999795e-05
4.4757000000006375e-05
8.057200000000098e-05
6.000100000000397e-05
8.090199999999381e-05
8.404000000000744e-05
8.597700000001485e-05
8.939799999999054e-05
6.98869999999907e-05
9.844300000000361e-05
7.800599999999158e-05
7.48130000000069e-05
8.530300000000879e-05
8.844100000002242e-05
4.558799999998531e-05
4.4525999999989185e-05
7.435499999999817e-05
4.522599999998156e-05
4.3719999999997095e-05
4.465500000000455e-05
4.393199999999653e-05
4.445200000000038e-05
4.3712000000001305e-05
7.803600000000355e-05
5.2738999999996095e-05
4.4775999999996374e-05
4.372199999999604e-05
4.436399999999119e-05
4.384600000001404e-05
4.433400000000698e-05
4.4143999999995964e-05
6.106699999999798e-05
4.397800000000007e-05
4.4602000000004693e-05
7.1456999999997e-05
4.483700000001978e-05
4.383599999999155e-05
7.753100000001956e-05
4.4000999999987966e-05
4.4618999999995745e-05
4.8069999999983404e-05
4.830599999999796e-05
4.415700000001688e-05
4.438800000000631e-05
4.542599999998731e-05
4.470300000000704e-05
4.377299999999695e-05
4.996400000001344e-05
4.392400000000074e-05
7.429400000000252e-05
4.4781999999993216e-05
4.47370000000169e-05
4.37410000000138e-05
4.487000000000241e-05
4.3775999999995374e-05
6.976499999999941e-05
7.756899999999955e-05
4.5519999999993344e-05
4.398599999999586e-05
4.441599999999157e-05
4.369200000001183e-05
5.4375000000023155e-05
4.45519999999755e-05
4.435099999999803e-05
8.204200000000439e-05
7.896999999998378e-05
0.00010727100000001988
8.696299999999546e-05
8.469999999999311e-05
8.639900000001477e-05
8.628399999999203e-05
8.900700000000206e-05
7.356399999999819e-05
4.5021000000006195e-05
4.380299999998116e-05
5.528699999998721e-05
4.3687000000014464e-05
4.462200000002192e-05
4.364900000000671e-05
4.468399999998929e-05
8.67330000000055e-05
7.759100000001573e-05
4.48779999999982e-05
4.4594000000008904e-05
4.3893999999988775e-05
4.475300000000848e-05
4.372699999999341e-05
4.4687000000015464e-05
4.358100000001475e-05
4.4578000000017326e-05
4.391600000000495e-05
7.10299999999997e-05
4.462900000001824e-05
4.716699999998686e-05
4.374699999998288e-05
4.4429000000012486e-05
4.362299999999264e-05
4.4592999999981675e-05
4.410400000001702e-05
4.740400000000089e-05
6.535400000001745e-05
7.002000000000397e-05
6.491399999999925e-05
4.477199999999848e-05
4.376700000000011e-05
4.443199999998315e-05
4.372999999999183e-05
4.4666999999998236e-05
4.379000000001576e-05
5.769199999999808e-05
4.38400000000172e-05
4.478599999999111e-05
4.401500000000835e-05
7.761399999997587e-05
4.416900000001056e-05
4.47560000000069e-05
4.384099999998892e-05
4.4965000000007915e-05
4.4002000000015196e-05
4.4687000000015464e-05
4.3733999999989726e-05
8.063300000002438e-05
7.247299999998957e-05
0.00011979200000000745
4.498199999999897e-05
4.337600000001163e-05
4.2559999999997045e-05
4.322400000000837e-05
4.2354999999993925e-05
4.3202999999991665e-05
4.3727000000021166e-05
4.424399999999884e-05
7.185199999998337e-05
8.978299999998218e-05
8.331699999999942e-05
7.784299999999411e-05
4.5344000000002715e-05
4.491900000000437e-05
4.380699999997906e-05
4.4813000000004655e-05
4.3778999999993795e-05
4.429600000002698e-05
4.374099999998604e-05
4.482899999999623e-05
4.492999999999858e-05
4.464800000000824e-05
4.4056999999986246e-05
5.025399999999958e-05
4.410099999999084e-05
4.4698000000009674e-05
4.4397000000001574e-05
4.9498000000008924e-05
0.0001095039999999825
8.003100000000818e-05
4.556699999999636e-05
4.5661000000002394e-05
4.369899999998039e-05
4.461399999999838e-05
4.374000000001432e-05
4.4610999999999956e-05
4.374000000001432e-05
4.4327000000010663e-05
4.366599999999776e-05
4.443800000000775e-05
6.688199999999034e-05
4.482599999999781e-05
4.376100000000327e-05
7.654000000001382e-05
5.972300000001152e-05
4.4693999999984024e-05
4.402500000000309e-05
4.4319000000014874e-05
4.380499999998011e-05
4.492899999999911e-05
4.38739999999993e-05
4.790100000001685e-05
4.420799999999003e-05
4.559000000001201e-05
4.437899999998329e-05
4.504799999999198e-05
4.383299999999313e-05
9.066700000001648e-05
6.887399999999655e-05
7.592000000000709e-05
7.911999999998809e-05
7.766000000000717e-05
4.5879999999998144e-05
4.4949999999988055e-05
4.4269000000013436e-05
7.143500000000857e-05
7.746999999999615e-05
8.606200000002562e-05
9.124799999998823e-05
0.00010658099999999449
9.998499999999688e-05
8.882499999998683e-05
9.075100000000003e-05
9.014699999998488e-05
8.601899999999274e-05
9.732800000000763e-05
6.46210000000147e-05
6.962499999998983e-05
8.920900000000676e-05
6.997799999999832e-05
7.617600000001112e-05
7.298699999999658e-05
7.836999999999428e-05
9.394900000000983e-05
9.091599999999644e-05
8.275100000001978e-05
8.559699999999282e-05
8.500999999999648e-05
7.566800000000096e-05
8.394300000000299e-05
0.00010926099999999939
9.063500000000557e-05
0.00010673899999999459
7.091300000000578e-05
7.129999999999637e-05
7.00590000000112e-05
8.076199999998424e-05
7.969199999999232e-05
8.207700000001372e-05
9.080599999999883e-05
9.15839999999779e-05
9.817700000000484e-05
8.26129999999814e-05
6.86510000000029e-05
8.168100000000011e-05
7.531699999999142e-05
7.620199999999744e-05
8.525300000000735e-05
8.886499999999353e-05
0.00010679099999999497
7.802600000000881e-05
9.112599999999693e-05
9.154299999999949e-05
9.046500000001179e-05
9.305200000001013e-05
9.110700000000693e-05
9.109100000001535e-05
9.060700000002031e-05
9.221000000000923e-05
9.102599999999406e-05
7.916899999999005e-05
8.685799999999522e-05
9.089600000000697e-05
9.01370000000179e-05
9.208600000001899e-05
9.068600000000648e-05
9.072200000001529e-05
0.00012320599999998683
9.114200000001627e-05
8.03940000000114e-05
7.518200000000697e-05
7.050299999999954e-05
4.57810000000225e-05
4.3797999999983794e-05
6.014699999998263e-05
4.4471000000018135e-05
4.461799999999627e-05
4.371899999999762e-05
