0.06580448999999997
0.069173072
0.06776733899999998
0.07038012400000004
0.07583076799999999
0.08329415899999992
0.06786558599999992
0.07103384200000007
0.06868709799999984
0.07983006300000017
0.04755307799999997
0.048012774999999897
0.04775395999999987
0.04768488300000007
0.04767198000000006
0.04767271899999992
0.047800789999999704
0.04759627500000008
0.04772417200000012
0.047547262999999784
0.04844661399999994
0.04772411899999973
0.04759991500000016
0.04764529799999995
0.047625094000000257
0.047607632000000066
0.04765488100000015
0.04765706599999975
0.04755095099999984
0.04762980199999989
0.04771788899999985
0.04768402100000024
0.06268572999999966
0.04766159999999964
0.04765423000000002
0.047730761999999594
0.047540824999999565
0.04760693299999996
0.047643920000000506
0.04764846400000078
0.04776691500000041
0.04786920199999933
0.047948135999999586
0.04974728699999975
0.047715385000000055
0.047670007999999875
0.047630700000000026
0.047667336999999144
0.047692642999999535
0.04773989799999967
0.047586986000000664
0.047989888000000036
0.04744846200000019
0.047525366000000346
0.04761863900000041
0.04766903100000075
0.04755678799999963
0.04760021999999964
0.04761023099999928
0.047626741000000195
0.04746223399999927
0.04780181399999961
0.047654521000000116
0.047976869999999394
0.047652049999999946
0.047770876000000406
0.04772483400000027
0.04763638799999992
0.04767035999999969
0.0475981489999997
0.04761721300000055
0.04754393800000045
0.047864662999999474
0.04751274100000025
0.04765140599999995
0.047810077000000284
0.047726406000000665
0.04757296000000011
0.04762946800000023
0.04772539300000034
0.04757821699999987
0.04762391600000093
0.04792457499999969
0.047587825000000805
0.04798483699999956
0.04785105699999903
0.047712145000000206
0.04770849600000027
0.047706544000000406
0.04799855599999958
0.04745003200000042
0.047806268999998736
0.04788915300000163
0.04803799099999928
0.047603414999999316
0.04778751799999981
0.04756510500000033
0.04773796299999944
0.04785628299999978
0.04780786299999917
0.04765876400000124
0.04766474200000026
0.04765563400000161
0.047827376000000754
0.04768400200000045
0.048177787000000194
0.04758779400000002
0.047840510000000336
0.047654180000000324
0.04759909599999901
0.047708829000001174
0.047673024999999924
0.047574909999999804
0.04790471299999943
0.04787533799999899
0.04769224799999883
0.04779497499999863
0.04758782200000056
0.04771539699999927
0.047792188000000735
0.047562698000000125
0.0475716239999997
0.047624381000000326
0.0478188279999987
0.048142247999999555
0.04769354799999981
0.04801369700000002
0.04764375899999962
0.0475750330000011
0.047546398999999795
0.0475702819999988
0.047647847000000354
0.0476332940000006
0.04754467099999893
0.04781222000000085
0.047699661000001115
0.047495950000000065
0.04756146099999903
0.04787612500000016
0.047708932000000814
0.04761874599999949
0.04757476799999871
0.04758474600000007
0.04763701200000092
0.04778684000000055
0.048018313000000035
0.047945616999999885
0.04768918799999966
0.04760941199999991
0.04770196099999957
0.047730212999999466
0.04756791299999996
0.0475515479999995
0.04756012399999854
0.04749974899999998
0.047567267999999885
0.04756221399999916
0.04771782199999919
0.04778626100000061
0.04769072799999918
0.0467794700000006
0.04835925799999785
0.04743827600000117
0.04752966300000239
0.04753445000000056
0.0475202149999987
0.04776799400000087
0.047697063000001094
0.04748395699999719
0.04766526300000251
0.05788418200000223
0.04765292199999749
0.04757737199999923
0.047510579999997304
0.04777122100000142
0.04751789799999884
0.04775475399999962
0.047468587000000895
0.04760983199999913
0.04741588300000288
0.047702898000000715
0.04770952199999812
0.047516556000001486
0.04758855299999709
0.047403047999999615
0.04757594899999873
0.0476125990000007
0.047491715999999684
0.047315907999998075
0.047436897999997285
0.04755493700000102
0.04762095199999905
0.04740548299999858
0.047467003000001284
0.047559167999999374
0.04750807099999932
0.047516683000001336
0.04770180199999885
0.04749824099999955
0.047636413999999405
0.04750216199999713
0.04762385499999766
0.04752053500000031
0.04753301599999915
0.047478594000001095
0.04760645100000005
0.047676713999997844
0.04748349799999829
0.04763369399999817
0.04749547100000129
0.04748522999999949
0.047492299999998266
0.047388106999999735
0.047542860000000076
0.047470929999999356
0.04733418200000017
0.04755042200000048
0.04747792700000275
0.04780527600000184
0.054775068000001426
0.07640162299999886
0.08716238799999942
0.05810310200000046
0.08988187499999967
0.0971471560000019
0.04755426599999879
0.04786899600000183
0.04751270299999888
0.047538388999999626
0.05663985199999999
0.04750368899999913
0.04740139100000107
0.04768112800000068
0.04753242499999999
0.04760560400000102
0.04786359200000234
0.04755679899999876
0.04752708700000241
0.04768415999999931
0.04769313100000261
0.047677202999999224
0.04749890100000087
0.04765818899999985
0.04756766799999923
0.0476804460000011
0.047823731000001146
0.04753218399999781
0.047847860000000964
0.04754933700000308
0.047664858000000976
0.04758483200000185
0.047436306000001593
0.04756005999999857
0.04735580699999886
0.047722437000000895
0.047585412000000105
0.04779953200000264
0.04662288499999789
0.04766735999999838
0.04664954600000115
0.047647429000001296
0.04668773100000223
0.04775874599999952
0.046698976000001835
0.047458401000000094
0.04650884499999819
0.047789866999998765
0.04650707700000112
0.04787073299999989
0.046579357999998905
0.04754696599999875
0.0467159240000008
0.04745995000000036
0.04663678600000054
0.04743333100000058
0.04651804799999937
0.04736247700000007
0.04678477799999925
0.047472654999999975
0.04696312699999794
0.04769644900000003
0.046553949999999844
0.047614348999999834
0.04653879700000019
0.04759398600000253
0.04658059100000145
0.04742765800000015
0.04667156500000047
0.04760884499999918
0.04670886099999905
0.047708463999999395
0.04671963399999868
0.04799693100000013
0.04656521400000102
0.04764557800000091
0.046888710000001055
0.047472625000001045
0.046478486999998125
0.04758704900000055
0.046694120000001504
0.04889682700000009
0.046515204999998616
0.04763681500000061
0.04676839099999697
0.04773574999999752
0.04661244399999731
0.04767181999999792
0.04684114499999836
0.048052644999998506
0.04687006900000057
0.04738393599999924
0.046532420000001906
0.04762053800000032
0.04657724800000196
0.04755537400000165
0.04658438399999909
0.04758587399999925
0.046576205000000925
0.047463877999998516
0.04679408199999813
0.047527227999999866
0.047028690999997735
0.047504401000001195
0.046748462000000046
0.04764702899999662
0.04664715500000227
0.04772305899999907
0.04702920799999788
0.04762672200000395
0.04661499699999894
0.04778702899999843
0.04659705099999911
0.04756592200000398
0.04665999099999851
0.04763157000000007
0.0465231579999994
0.04747885399999774
0.04672624599999864
0.047398140999995064
0.046949386000001425
0.047966359999996655
0.04679255300000307
0.047715160999999284
0.04656071099999792
0.04766541399999369
0.04672219700000113
0.04754370100000216
0.04682191799999913
0.04776574899999986
0.04677662399999605
0.047749760999998614
0.04685823099999453
0.04767885199999711
0.04698650000000271
0.047676717999998175
0.0466083459999993
0.04765573000000245
0.046540944000000195
0.04750080200000184
0.046490998000003
0.04776780099999911
0.04677012599999841
0.04778000299999974
0.04642261700000461
0.047621455999994566
0.04674688100000424
0.04768348400000377
0.047169058000001485
0.0478163299999963
0.046878058999993755
0.04743214399999829
0.04672904299999914
0.04786009600000085
0.04658348000000245
0.047598041000000535
0.04649834599999991
0.04749582600000224
0.05113682799999708
0.04754325300000062
0.0466432020000056
0.0515532690000029
0.04683342299999538
0.04754085100000083
0.04707854200000128
0.04775933500000207
0.04661800499999913
0.04759629899999851
0.04682184699999681
0.04776340899999809
0.04667824300000234
0.047549460999995574
0.04641698700000063
0.04748819399999604
0.04665464800000052
0.047476072000002034
0.048554733999999655
0.04749610200000376
0.046552262999995264
0.04766792200000225
0.046843099000000166
0.04748846999999756
0.05292638500000635
0.04758492599999897
0.04687639600000182
0.04742236100000241
0.046538931000000616
0.0473603510000018
0.04656859400000002
0.04739491000000129
0.04661540099999684
0.04744841100000485
0.0466060079999977
0.04740421199999645
0.04656977100000148
0.04772207399999928
0.046750291000002164
0.047717675999997766
0.046528239000004135
0.04756149600000015
0.04662066400000242
0.04739689899999888
0.04660252200000059
0.04762569400000416
0.04648651099999768
0.04770256799999828
0.04682859999999778
0.047593431999999325
0.04662705500000186
0.047710555999998405
0.04665471700000268
0.047512225000005515
0.046584231000004195
0.047305407000003186
0.04668966500000238
0.04742852799999753
0.04688324700000379
0.047614334999998675
0.04697528900000236
0.04742765000000304
0.04664134399999398
0.047507389999999816
0.04650843599999632
0.04732137700000294
0.06068487099999942
0.047533483999998793
0.04659819899999462
0.047491178000001355
0.04656830300000081
0.048073879999996905
0.04664666500000436
0.04750470199999768
0.046729419000001826
0.04750968799999811
0.04661577899999969
0.05236477599999745
0.046558421000000294
0.0475309380000013
0.046518622999997206
0.04779517200000072
0.04660156000000626
0.04751652699999909
0.04649443099999928
0.047678752999999574
0.04651140700000411
0.04757166600000318
0.04655405600000506
0.047541540000004545
0.04675585000000382
0.04755498500000499
0.04677028599999744
0.047547197000000097
0.046608599999999
0.047554494999999974
0.046467637000006334
0.047413200000001154
0.04666616899999809
0.04746004700000128
0.04675027400000431
0.04755067600000018
0.046580628000000956
0.04733755800000239
0.04686248699999851
0.0474741859999952
0.04663034200000027
0.04779049700000115
0.04666916699999746
0.04741075599999789
0.046608996999999874
0.04760206899999986
0.046704473000005464
0.04804872199999721
0.04653371499999537
0.047548962999997
0.0467772650000029
0.04747440999999952
0.046557473999996546
0.04737631900000139
0.04670118000000656
0.04752288299999918
0.04698375299999924
0.04756596300000382
0.046709464999999284
0.047693753000004335
0.04652195699999595
0.04762750900000157
0.04641525299999927
0.047591832999998473
0.04660781199999775
0.04750172600000013
0.04667310099999611
0.047330191000000355
0.04796789899999965
0.047389922000000695
0.04652438800000169
0.047449481999997545
0.04659405999999677
0.047429534000002604
0.04653196299999962
0.047615155999999104
0.046565566000005276
0.047843524000001025
0.046645889000004104
0.047514134000003594
0.04654836999999645
0.04760101600000155
0.04646473999999756
0.047386441000000445
0.046549316999993096
0.047478051000005905
0.046572552000000655
0.04747594600000582
0.04657246800000081
0.04766846400000446
0.046482972999996264
0.04754789300000084
0.046747210999996014
0.04789330199999853
0.046890779000001714
0.04762076400000126
0.04674391599999694
0.04764485700000165
0.046598436000003574
0.0476632170000002
0.046753224999996235
0.04770778900000039
0.046935494000003075
0.047416961999999785
0.04743967900000001
0.047378618000003314
0.06882881000000651
0.04787454200000241
0.04675169000000068
0.047390017000005
0.0472989809999973
0.047490774999999985
0.04651914799999446
0.04736231300000071
0.04672793499999983
0.04738154500000036
0.04655769200000037
0.04758095700000098
0.04660525300000273
0.047937642000000835
0.04682675700000516
0.04758577900000205
0.046730307000004245
0.04779088000000087
0.046567199000001835
0.04735250800000301
0.046642472999998574
0.04753076499999764
0.04664104899999444
0.047928255000002196
0.046622548000001984
0.047841679000001136
0.04652014300000218
0.04762594099999973
0.04661651300000358
0.04763405100000284
0.04648281000000054
0.047419001000001515
0.04667396300000348
0.047465897999998674
0.04695148199999721
0.04745506799999788
0.04647796900000145
0.04751223599999577
0.04671469200000189
0.04765985800000294
0.04660788900000057
0.04746194700000217
0.04656895200000122
0.04739352600000046
0.046911166000001
0.0476058069999965
0.04722907800000087
0.04765094300000072
0.04673193800000064
0.047392496000000506
0.04664809200000519
0.04765185000000116
0.04682417400000105
0.04707196999999752
0.04783922099999671
0.04698940300000487
0.04760181099999983
0.046633321999998145
0.04748397999999554
0.04671611000000553
0.04756097399999959
0.04919545099999567
0.0625790429999995
0.04657043200000288
0.047359003999993377
0.046939374000004364
0.047362524000000406
0.04690916300000225
0.04756947999999994
0.04669159600000228
0.04751145200000195
0.04666054599999825
0.04745741199999998
0.04669463099999405
0.04736722900000245
0.04684957799999978
0.04757250399999435
0.046466178999999386
0.04748732499999875
0.0466263830000031
0.047714159999998174
0.04642198499999495
0.04740641299999737
0.046435654999996245
0.04763087199999916
0.046718035999994356
0.047794434000003605
0.046519515999996486
0.047833521999997686
0.046672350999998
0.0474610269999971
0.04655197299999969
0.047717835999996794
0.04685893399999941
0.04787822000000119
0.046656984999998485
0.04759305700000027
0.047046156999996924
0.047379792000000975
0.046913676999999154
0.04748027299999791
0.04654653400000086
0.0475039099999961
0.04643231699999717
0.047499553000001526
0.0464987739999998
0.047520403000000044
0.046638797999996484
0.047948478999998656
0.04678843100000307
0.04745192200000048
0.04652090400000475
0.047578248999997186
0.046546792999990316
0.04750881600000412
0.046658768999989775
0.04747461800000963
0.046493028000000436
0.04763159300000552
0.04665531199999862
0.04792239900000084
0.046597152000003916
0.047496706000003996
0.0467262509999955
0.047430721000012
0.046418806000005475
0.0474925289999959
0.04669001700000308
0.04767407699999637
0.04679215999999542
0.04763254899999936
0.046553177999996365
0.04750327799999354
0.046613399000008826
0.04748208899999895
0.046573150000000396
0.04757696000000067
0.04646646199999793
0.04731586700000889
0.046772020999995334
0.04737567700000511
0.0469704580000041
0.047302712999993446
0.04678737099999353
0.047544135000009646
0.04679219499999476
0.04740822800000899
0.04656774700001165
0.04741533199999992
0.046465944999994235
0.04792928900000959
0.046618262000009736
0.047372638999988226
0.04657867400000271
0.047643624999992085
0.04651289899999256
0.04773310500000605
0.046423095999998054
0.04727799100000141
0.04657049200000074
0.04755625100000316
0.046611139999996
0.04790490300000272
0.046475624999999354
0.047703506000004836
0.046529659000000834
0.04781828900000562
0.04664345700000183
0.04756147400000543
0.04703781900001047
0.0477092459999966
0.04696287100000518
0.047410149000000956
0.05029524699999399
0.047330998999996154
0.04669378900000254
0.048712362000003395
0.04645745100000909
0.0474387820000004
0.04662561300000334
0.047442954000004534
0.04680756500000882
0.047403665999993905
0.04659572200000639
0.047736410999988266
0.04656205700000271
0.047547765999993885
0.04660608999999738
0.04744500900000048
0.046485864999993964
0.047555001000006314
0.04658080299999767
0.04756219600000122
0.04645760999999027
0.0479751900000025
0.046699656000001255
0.0475524179999951
0.04672216199999468
0.04765249599999777
0.04656864700000085
0.047613127000005306
0.04655873699999802
0.04745705899999564
0.04678796700000021
0.0473746239999997
0.04655537700000423
0.0475211420000079
0.046580880000007596
0.04733667499999683
0.04661327000000881
0.047354393999995636
0.04669300599999815
0.047479672999998
0.04655348300001094
0.04766536299999302
0.04690084499999614
0.04764065599999867
0.04694136899999535
0.047473767999989036
0.046673108000007346
0.047417085999995834
0.046509256000007326
0.047441280999990454
0.04654785500000003
0.04777024999999924
0.046552056999999536
0.047417173999988904
0.04652916199999879
0.04743555200001026
0.04658533700001044
0.04763142999999559
0.04651475999999377
0.04761626799999874
0.0467962479999926
0.04792846600000189
0.04658219899999949
0.04766688899999849
0.04666927599998871
0.047569275000000744
0.046496696999994924
0.04759721300000308
0.04678283299999464
0.04741860900000461
0.04660438199999817
0.04739985400000535
0.046955795000002354
0.04750156099999003
0.04694520699999316
0.047299116000004915
0.046664864000007356
0.04752297800000349
0.04662806399998942
0.04753751399999828
0.04647355200000902
0.04747595999999987
0.04683124600001065
0.047641982000001803
0.046757841000001577
0.047603879999996934
0.04676594800000089
0.04766043499999739
0.04653168900000537
0.047424289000005615
0.04661142700000198
0.04746548800000028
0.04666582999999491
0.04792717400000868
0.04646401900001251
0.047964981999996326
0.04676396399999305
0.047702796999999464
0.04662697300000218
0.05366635999999403
0.046551161000010666
0.047536019000006036
0.04677924000000644
0.04748133400001109
0.04697099100000912
0.04763278199999377
0.04654496599999902
0.047359124999999835
0.04647135099999389
0.04748943100000247
0.046572957000009296
0.0474472589999948
0.046573268000003054
0.047483283999994796
0.046600815000005014
0.04752455000000566
0.046589846000003377
0.04786334599999975
0.04805564800000184
0.04872748700000784
0.0551774690000002
0.048797077999992666
0.048024026000007325
0.04859730900000159
0.04833591799999226
0.0506266069999981
0.04794010999999898
0.04789399699998853
0.04668297099999563
0.04739572900000155
0.04654646500000581
0.04744524899999192
0.0465239720000028
0.047455282000001375
0.04647104000000013
0.047687977000009596
0.046533913000004645
0.04784752100000844
0.06631129500000554
0.06242008599998883
0.05262171300000773
0.049479036000008136
0.057425863999995386
0.07776255400000309
0.04866089000000784
0.04959417199999905
0.0492200989999958
0.04730775299999834
0.046937900000003197
0.047515730000000644
0.046691882000004625
0.04750337600000876
0.046629883000008476
0.04757901000000686
0.04667733200000157
0.0479269759999994
0.04687649999999621
0.04737903899999196
0.04697295100000076
0.04756090600000107
0.06104394199999774
0.04755908999999292
0.04674659500000189
0.047518659999994384
0.04650208399999656
0.047596360000000004
0.04646406300000194
0.04777761900000144
0.046574379999995585
0.047685638999993785
0.046600054999998974
0.054015603000010515
0.04651018100000215
0.047432300000011196
0.046663094999999544
0.0478284850000108
0.04657100900000444
0.04759472199999948
0.04677944699999159
0.04761740799999359
0.04655677000000935
0.04762738000000866
0.04681027300000551
0.0475702469999959
0.04653196700000706
0.04767715699999542
0.04694154299998843
0.04780708100000197
0.046999157999991326
0.04740140900000256
0.046562994000012736
0.04761674499999913
0.04657009700000003
0.04743800999999337
0.04663567500000454
0.04758704799999691
0.04650096399998915
0.04781690000000083
0.046621273999988944
0.04767473100000075
0.04649474200000725
0.04761239399999795
0.04675962199999617
0.05064765600000953
0.04654409100000123
0.04749223299999983
0.0465905260000028
0.04812411700000041
0.04650820099999464
0.04790341199999659
0.046730219000011175
0.04762176699999543
0.046698738999992884
0.04753914799999848
0.04663233099999786
0.04747054499999592
0.04669191899999703
0.04758100400000842
0.04696564900000055
0.04775251999998886
0.046637105000002066
0.04742460900000367
0.04669537200000207
0.04736561400000028
0.04663464200000078
0.04734575199999824
0.04662600799998984
0.04741996900000345
0.04695269199999075
0.04734710400001063
0.046574818999999934
0.04743454200000485
0.04653226799999288
0.04756620800000633
0.04651939900000457
0.04748807500000396
0.04684250799999745
0.04742005500000346
0.04663382200000399
0.04759125500000039
0.0465376329999998
0.04798262399999942
0.046574595999999246
0.04759456800000805
0.04646429800000362
0.04775496099999543
0.04674015999999881
0.04761685599999055
0.046878317000007996
0.047324418999991735
0.047237925000004566
0.047567115000006766
0.04684189299999275
0.047558496999997146
0.04661221199999943
0.04754000799999858
0.04655106100000239
0.047410741000007306
0.046623640999996496
0.047341044000006605
0.04666753499999743
0.04767475699999579
0.04697433399999795
0.047600297000002456
0.04661155699999142
0.04733134999999322
0.04651782899999546
0.04747208800000635
0.04668952600000864
0.04753537599999902
0.046605624999997985
0.04774219200000118
0.04644792399999176
0.0477084900000051
0.046392022999995675
0.047476145999993946
0.046698878999990256
0.04744866400000092
