0.06934161600000002
0.05616799699999997
0.055852557000000025
0.053622705999999964
0.05463168399999996
0.05396459900000006
0.05649001100000006
0.05298769400000003
0.04828958900000013
0.047864190000000084
0.04773139400000015
0.0477812259999999
0.047680940999999866
0.047840981000000005
0.047619933999999864
0.04768098300000001
0.047770386000000054
0.04773982500000029
0.047749006000000094
0.047805608
0.04771380700000005
0.0478100979999998
0.047700621000000165
0.047842699999999905
0.04773157100000036
0.04785151199999982
0.04774752299999996
0.04770906599999991
0.047693975000000055
0.047829214000000064
0.04768154099999977
0.04764162800000005
0.04777788699999963
0.04772716699999968
0.04769260999999991
0.047782305999999775
0.04768384899999978
0.04768365000000019
0.04765381700000049
0.0482600530000008
0.04794063900000012
0.04772037199999968
0.047775288000000415
0.04772439999999989
0.04776408800000009
0.04780347800000051
0.047732227000000016
0.047709729000000145
0.047761276999999325
0.04772726000000027
0.04777829899999997
0.04787074799999935
0.047727996999999966
0.050899906000000605
0.04777547900000023
0.04776062999999997
0.047715719000000156
0.047735495000000405
0.04775104900000038
0.04785909399999966
0.047735161000000303
0.047704361000000084
0.04770347699999977
0.047729408999999556
0.04774217699999994
0.04777482099999997
0.047671957000000376
0.04775672599999936
0.047760393999999984
0.04782103299999996
0.04775644800000034
0.04778195799999985
0.04768214000000004
0.04782305200000003
0.047773015999999835
0.04776735400000032
0.04769080300000006
0.0477409410000007
0.047720727999999824
0.0477524779999996
0.047749962000001034
0.04780110000000093
0.047695592000000175
0.04772219200000016
0.047692286000000195
0.047730169000001155
0.04774274899999931
0.04768120099999962
0.047740954
0.047746682999999734
0.047718874000000966
0.047712191999998765
0.04779083099999859
0.0477494820000004
0.04781777200000015
0.048196165000000235
0.04811083200000077
0.04852852200000157
0.04777859900000081
0.04774887299999975
0.0477942510000009
0.04770673300000006
0.048232819999999066
0.047687297000001294
0.04779979100000098
0.047999584999999456
0.047752881999999275
0.04773451099999981
0.047772159999999175
0.04772644100000001
0.04778822799999993
0.0477204380000007
0.047750868999999696
0.04776792699999888
0.04764795899999896
0.04787291899999957
0.04774098100000046
0.048191317000000566
0.04775821700000016
0.047769565999999486
0.047842256000000916
0.0479460230000015
0.04776341600000045
0.04778949499999996
0.047803038999999714
0.047642542000000176
0.04798490700000002
0.04771469300000142
0.04775929000000012
0.04772662599999933
0.04769919900000019
0.04793673900000073
0.04775024600000144
0.047749122999999116
0.04777147900000145
0.04778306300000068
0.047930677999998395
0.04765805900000153
0.04825388899999972
0.047690703999998973
0.04773650299999943
0.04772696500000073
0.047730160999998716
0.0476588170000003
0.0477930690000008
0.04780334800000041
0.04774522499999989
0.047800964000000334
0.04783161699999994
0.0477949680000016
0.04774870799999853
0.04773018800000095
0.04780812100000098
0.04771041799999942
0.047751081999999556
0.04765416200000061
0.04764437100000052
0.047941310999998876
0.047718944999999735
0.04805342199999885
0.04774629599999969
0.04779135600000117
0.04784491999999929
0.047906809999998856
0.04768100400000108
0.047849269000000305
0.04860661500000063
0.04793111000000039
0.04804339600000063
0.04784430699999831
0.047725499000002
0.047787251999999114
0.047656225000000774
0.047724032999997945
0.0476998679999987
0.0477997220000006
0.047740763000000186
0.04770008999999931
0.04794889900000143
0.04768281499999816
0.04783012000000042
0.047696365000000185
0.047760223000000934
0.04779614499999951
0.047875995999998366
0.04768972900000179
0.047878292000000044
0.04777273300000218
0.047812663000001976
0.04784299499999989
0.04784498999999798
0.047792283999999796
0.04780602800000011
0.04772798199999784
0.047760361999998224
0.0495178189999983
0.04778464700000029
0.04771926500000134
0.04782961899999805
0.04779660999999891
0.04781684000000297
0.047736347000000734
0.047740695999998195
0.047825789000000896
0.0477882859999994
0.04789530000000042
0.0477703560000009
0.04788668700000187
0.047755790000000076
0.047938870999999494
0.04770027800000065
0.047922693000000294
0.0477724400000028
0.04790706200000017
0.04774211799999861
0.04771033400000135
0.04775090800000115
0.047808442999997425
0.04778314900000069
0.04786947800000263
0.047887809000002335
0.047738073000001435
0.047809776000001136
0.04776034800000062
0.04773480700000121
0.047791488999997966
0.0477840520000008
0.04772262699999885
0.04778419399999834
0.0477164529999996
0.047974184000000974
0.04772752999999952
0.047893364000000105
0.04774778200000185
0.04791601700000214
0.04774336899999909
0.04780715400000091
0.04774262100000115
0.04780166499999794
0.04782501800000105
0.04776800800000203
0.048170466999998496
0.04988051600000176
0.04775586600000281
0.047923993000001275
0.04775547899999921
0.04779297199999988
0.04794077800000096
0.04773442200000133
0.04781191000000007
0.04766850400000067
0.04788877400000047
0.047756395000000396
0.04802087099999852
0.0478214099999974
0.047895851999999906
0.04786647899999963
0.04675603299999764
0.047817615999999674
0.04656683800000039
0.04771251900000095
0.04659501100000085
0.04778442599999977
0.046516160999999556
0.04775372699999991
0.04662413499999829
0.04779007799999846
0.04661368200000027
0.047723781999998494
0.046565835999999194
0.04786595999999932
0.046476435999998955
0.047841201999997196
0.046511502999997845
0.047866373000001516
0.046494406000000765
0.04784747500000108
0.04641755799999814
0.04776355000000265
0.04653758899999971
0.047628061999997584
0.046403952999998666
0.047712991000000926
0.046712838000001256
0.04769280600000059
0.04653827599999971
0.04770419900000178
0.04647239699999872
0.04776058699999908
0.046584904999999566
0.0476675379999989
0.04669811100000132
0.04769024899999863
0.04673712299999977
0.04781972500000009
0.04668054499999741
0.04773172099999812
0.046578718000002794
0.04779963300000034
0.04673980200000116
0.047665436999999145
0.04653899399999872
0.04773619699999898
0.047268136000003125
0.04781180299999832
0.0466832590000017
0.04785526600000267
0.04646266199999971
0.047974755000002034
0.046697082000001444
0.04797160400000067
0.046500520000002155
0.047901137000000205
0.046593002999998134
0.047682701999999466
0.04667708900000278
0.04782729799999785
0.046654122999999714
0.047765575999999754
0.046630586999999224
0.04776629400000232
0.04646752800000087
0.047750496999999115
0.046565969999999623
0.047707421999998445
0.04674654200000106
0.047798677999999484
0.0469217069999992
0.04772840900000119
0.04661194300000204
0.04769871300000261
0.04696960799999772
0.04774677500000024
0.046648744000002296
0.04784228300000137
0.04655544699999581
0.04784914700000087
0.046499527000001706
0.0477189530000004
0.04651754799999708
0.04774910599999771
0.04658797900000167
0.047835946999995826
0.04668290299999711
0.04780060099999872
0.04657231099999848
0.04788415499999843
0.04649146100000223
0.04786853600000285
0.046607655999999054
0.047734639000005075
0.04669199900000365
0.04771067600000123
0.046570326999997746
0.04782179000000042
0.04667583500000205
0.047736761999999544
0.046800659999995275
0.04768853400000239
0.04646758500000203
0.04763873099999927
0.046580895000005285
0.04846330500000562
0.04662942200000231
0.04781955400000015
0.04662148599999938
0.04773553900000138
0.04639494699999602
0.04797728200000506
0.04666032699999789
0.04780865900000464
0.04655342499999904
0.04780649099999579
0.046545526999999254
0.0477260499999943
0.046546528000000365
0.049689595000003806
0.04659057300000313
0.04788994499999433
0.046610510999997246
0.04776183699999592
0.04668730199999516
0.047813787999999136
0.04662377500000048
0.047821670999994126
0.04651904299999643
0.047766819999999655
0.04660731799999951
0.04771497299999794
0.04689819200000045
0.04770134900000045
0.04662054199999943
0.04782987299999775
0.04655828799999995
0.047705292000003396
0.0465483989999953
0.0478308080000005
0.046600819000005345
0.04794624100000533
0.04678936500000219
0.047720178999995255
0.046623893000003136
0.047721742000000233
0.04657595700000172
0.04770395899999613
0.04678583199999764
0.04780686300000525
0.04683533999999412
0.047864631000003044
0.04657736199999363
0.047917935000000966
0.04672093700000346
0.04773507499999852
0.046495127999996555
0.047869966999996905
0.0467590689999966
0.048291026000001125
0.04660199799999987
0.04783490299999471
0.046477088000003164
0.04794365300000436
0.046619964999997876
0.04792119799999739
0.046580411000000765
0.047697846000005484
0.0464080379999956
0.04773355999999751
0.04668125199999906
0.04782515800000198
0.04656281100000115
0.04764946600000286
0.04656550199999998
0.04762147400000316
0.04649802299999806
0.04771854399999853
0.04652311699999956
0.04754506199999753
0.046663338000001886
0.04777352499999665
0.046686725000000706
0.04780888500000202
0.04656837999999652
0.047640572999995356
0.046477328000001705
0.04778235700000266
0.04655392600000141
0.04770823100000143
0.04647124200000263
0.047727701999995986
0.046514325000003964
0.04786414700000563
0.04646507900000074
0.047765989000005504
0.046650884999998254
0.04777553299999937
0.046563740999999936
0.047715752000002
0.0464752560000008
0.0479565959999988
0.04649496900000116
0.04770841599999898
0.046749510000005046
0.04770439499999668
0.04656248799999929
0.047887937999995245
0.04661897299999396
0.047718377000002477
0.0465497669999948
0.04777387899999752
0.04643195899999597
0.04772621699999746
0.04648663299999356
0.047721298999995554
0.04655091600000105
0.04770155599999981
0.046445566999999244
0.047699039000001164
0.04640751000000165
0.047830912000002
0.046563859000002594
0.047743799999999226
0.04663790099999687
0.047696727000001715
0.04659302600000359
0.04775711799999982
0.04649675200000303
0.04781308799999806
0.0466161099999951
0.04782838499999542
0.04655053000000464
0.04765434300000493
0.04648403000000201
0.0477193509999978
0.04660863299999818
0.04779781900000302
0.04662503599999468
0.04769662000000352
0.04644642999999604
0.04767130399999786
0.046518061000000444
0.047693197999997494
0.046495806999999445
0.04770910600000633
0.04652657599999799
0.047733366000002775
0.0465035510000007
0.047697126000002754
0.046567471000003025
0.04773596900000143
0.0465379420000005
0.047812079000003394
0.04650841000000128
0.047758113000000435
0.04656261899999947
0.047565495000000624
0.046500987000001714
0.04788144200000488
0.04646600000000234
0.047751890000000685
0.046575942000004034
0.04765401999999597
0.04652390999999767
0.04767377299999964
0.046581023999998195
0.04779612200000116
0.046476965000003645
0.04773778499999537
0.04648107899999587
0.04773648499999439
0.04658786499999934
0.04784920199999476
0.04650194199999902
0.04772919300000211
0.0466038199999943
0.04776565299999902
0.046502097999997716
0.047804719999994916
0.046504835000000355
0.047837252999997304
0.04664068800000365
0.047812727999996696
0.04663032499999531
0.04765810199999976
0.04645261299999959
0.04765693699999929
0.046644870999998034
0.047734490999999935
0.04653859300000107
0.04779627700000333
0.046374685000003524
0.0477000500000031
0.046638524000002235
0.04773707799999727
0.04647287499999919
0.047831859999995174
0.04653578799999991
0.04776498599999712
0.046403769000001205
0.04769503699999689
0.04651627799999858
0.04771731600000351
0.046430794999999137
0.04765281399999566
0.046542045000002474
0.04772754699999382
0.046498477000000094
0.047772520000002316
0.046561300999997
0.04767686900000001
0.04649792699999722
0.04778063599999882
0.04661227500000109
0.04773244500000118
0.04669782399999889
0.04771961600000196
0.04651288299999834
0.04768643700000297
0.04662144800000334
0.04778584299999977
0.046445290000001194
0.047752696000003425
0.046487286000001404
0.0476889259999993
0.046422713000005444
0.047796877999999765
0.04648624500000409
0.047590431000003264
0.04646482799999774
0.047848084000001734
0.04642756100000156
0.04777392900000166
0.04651048800000268
0.04767415799999952
0.046495067000002166
0.04774682200000058
0.04651023499999951
0.04786470199999826
0.04650462800000099
0.04766987699999703
0.04646250199999713
0.04776126899999866
0.046505985000003136
0.04772908700000045
0.04646398099999516
0.04770648599999561
0.04654710699999498
0.047765935000001036
0.04659819900000173
0.047809115999996266
0.046462267999999085
0.04772162100000088
0.0464860280000039
0.047787845000001994
0.046651826000001506
0.04781575200000532
0.04650244999999842
0.04776600499999972
0.04649210399999504
0.04779192299999835
0.04654863200000392
0.04798039199999948
0.04662024200000303
0.047935393000003046
0.04655766800000549
0.04787159600000024
0.04648120299999903
0.0477386120000034
0.046535270999996214
0.04786742199999594
0.04662861199999924
0.04778892099999865
0.04656106499999879
0.04772441099999725
0.04661892800000089
0.04771960899999783
0.04660270099999764
0.047776639000005616
0.04652258499999817
0.04784657299999395
0.046483043999998586
0.047675701999999376
0.04661473699999874
0.047712422000003585
0.04666279499999604
0.04784642499999592
0.046599823000001095
0.047753825999997446
0.04653647700000363
0.047863253999999245
0.04652858899999757
0.04776863800000086
0.0466205869999996
0.04779839599999747
0.04665319199999374
0.04770771500000137
0.04643993299999494
0.04784395699999777
0.04654635299999654
0.04771773299999893
0.04656716000000216
0.048627586000002054
0.04660960500000044
0.047790945999999224
0.04652855200000516
0.047867138000000864
0.046548975000000326
0.04780083699999693
0.04653553799999344
0.04775390900000076
0.04645868700000477
0.04768980999999428
0.04733402899999817
0.04786774499999069
0.04654011200000241
0.04785743399999376
0.04664945800000453
0.047892872999995006
0.04653666800000167
0.04782055299999399
0.046577033000005486
0.04787178999998787
0.04660889900000598
0.047702694000008705
0.046572721999993405
0.04766534500001285
0.04679883800000084
0.04778720800000258
0.046545803000000774
0.04776330599999312
0.046594511999998645
0.047724207000001684
0.04665298600001222
0.04769067099999802
0.046444229000002224
0.047778716999999915
0.046450729000000024
0.0478411240000014
0.046500203999997325
0.04772126100000662
0.04651185800000235
0.0477551589999905
0.046530450000005885
0.047831119999997895
0.04655900600000962
0.047837537999996016
0.04646918499999231
0.047650379000003795
0.046729290999991235
0.04773133999999857
0.046552454000007515
0.04777332800000522
0.04653097199999934
0.047691774000000464
0.04650310399999569
0.0477976410000025
0.04660433899999816
0.04780218299998751
0.04655930100000205
0.04770862200000181
0.046468082000004074
0.04761948099999813
0.04657067699999118
0.047688125999997055
0.046470407000001046
0.04776029299999607
0.046566861999991715
0.04781408099999851
0.04648370200000329
0.04800390699999468
0.04647661399999947
0.04774734499999056
0.04659552700000802
0.04781950800000345
0.04651500999999314
0.047775364999992576
0.0465154860000041
0.047754587000000015
0.046508191999990345
0.04793884500000445
0.046579522000001816
0.04779247400000486
0.04658965799998782
0.047773796999990736
0.04658961500000203
0.04766056200000435
0.046638649999991344
0.047814337999994905
0.04661415099999999
0.04778537000001393
0.046923786000007794
0.04776348900000471
0.04659230699999739
0.047808734000000186
0.04659993200000656
0.047727524999999105
0.04646410899999864
0.0478155189999967
0.04650361500000599
0.04770844300000476
0.04649201000000858
0.04773413300000584
0.04665028200000165
0.04787882899999829
0.04655765999999062
0.04775629899999956
0.04647213300000885
0.047776483999996344
0.04650435199999947
0.04783828600000106
0.04654643899999655
0.04816218500000957
0.046558527999991384
0.04770376300000123
0.046534237999992456
0.04772220400001004
0.04653317899999365
0.0477715250000017
0.0465274729999976
0.04770381199999463
0.04648827900000185
0.0477886899999902
0.046870365000003744
0.047825516000003176
0.04655071499999508
0.04770844399999419
0.04658740600000044
0.04769168200000706
0.046468019000002414
0.047701546000013195
0.04660239799999033
0.047777402999997776
0.04656667500000822
0.04784220700000219
0.046569102000006524
0.0477475050000038
0.04649667300000715
0.04768303499999149
0.046496145000006095
0.047863505000009354
0.046576286000004075
0.04774251599999957
0.04644770400000198
0.04798821700001099
0.04653613100001053
0.04783095900000944
0.04663417400000469
0.04773603000001003
0.046686556999986806
0.047715078999999605
0.04647720599999161
0.04770202100000631
0.0465269160000048
0.04777477400000407
0.0465409719999883
0.04767427300001259
0.046576952999998866
0.04788705199999299
0.04648014599999328
0.046479280999989214
0.04782267599999557
0.04667144100000087
0.047797655000010764
0.04654506100000333
0.047901422999999
0.046592411000005995
0.04771408999999949
0.04642125399999486
0.04880176800000413
0.0465628339999995
0.04779506599999195
0.046539578000007964
0.0476893360000048
0.04654612299999883
0.04786441399998864
0.04677590599999348
0.0477134570000004
0.046526803999995536
0.04780040299999655
0.046554048999993825
0.047780647999999815
0.04661080999999001
0.047716613000005736
0.04662576399999807
0.04770527799999513
0.04656103099999598
0.047707754000001046
0.046592050000000995
0.04761476999999559
0.04659323699999618
0.04782777500000179
0.04662182199999165
0.047848893000008275
0.04678452199999583
0.047691014000008636
0.046438390000005825
0.04775498899999775
0.04669138699999564
0.04779913800000202
0.04649836200000834
0.04770007400000509
0.046555319000006534
0.04773757700000658
0.0464723429999907
0.04766658699999482
0.04672256399999242
0.04774344099999439
0.04661697400000264
0.047726394000008554
0.0466208929999965
0.0476385759999971
0.047179341000003205
0.047613128999998366
0.04650938500000734
0.048094333999998184
0.046488048000000504
0.04824641399999052
0.0468220240000079
0.04781525799999997
0.0464750419999973
0.04779689400000109
0.047026305999992246
0.04776493499998935
0.04658213000000444
0.04764843699999233
0.04644687399999725
0.04782472399999449
0.04665364900000668
0.04780014500001073
0.04655095900000106
0.04768214599999965
0.04674192100000596
0.047857135000000994
0.04653603399999895
0.04771657999999945
0.0466646819999994
0.0477176830000019
0.04658143800000403
0.048090326999997046
0.046425732000002995
0.047670173000000204
0.046541727000004585
0.04766785199998935
0.046600889999993456
0.04769820299999594
0.04660288099999832
0.04763146199999824
0.04642048799999543
0.04769101499999806
0.04693996999999683
0.04774532800000486
0.046589357000001996
0.04768974899999989
0.04661533500001269
0.047597469999999475
0.046441086999990944
0.04769343499999934
0.046581195000001685
0.04775673100000688
0.04660622899999112
0.04768380599999489
0.04654086400000779
0.04780500199998983
0.04665699000000245
0.04784576000000129
0.04663332799999864
0.047673740999996994
0.04657292000000268
0.047778738000005205
0.04645686100001001
0.0482074809999915
0.046597312000002944
0.047782481999988136
0.046602860999996665
0.04778152800000157
0.04649753700000758
0.04779713099999583
0.046470044000002986
0.04779237099999989
0.04685462300000154
0.04783303300000341
0.04656937599999367
0.047672215000005735
0.04645530999999892
0.04767518799999948
0.04652420300000415
0.04768282199999874
0.046624121999997215
0.04778433300000984
0.04646776299999544
0.04762535599999751
0.04691999899999644
0.047742902999999615
0.046550693000000365
0.04792159500000537
0.04663676600000599
0.04778126399999394
0.04658030900000654
0.04777600199999199
0.046551645999997504
0.04772943000000396
0.046576821000002155
0.048145149999996306
0.04659114300000056
0.04786774299999763
0.04648861299999396
0.04769468599999982
0.046564434000003985
0.0476946609999942
0.046663883999997324
0.047729654999997706
0.046597746000003326
0.04782173699999248
0.046689675999999736
0.047632308000004286
0.04668342500001188
0.04775608500000317
0.046770065000004024
0.047705539999995494
0.046444532999998955
0.04757676399999866
0.046394081999991954
0.04769266000000982
0.0464831820000029
0.047692367999999874
0.046509803999995825
0.04763592100000835
0.04652892499998984
0.04763309900000934
0.04636534800000902
0.04777271499999358
0.04645823900000323
0.04767035499999395
0.04645630799998912
0.04772658599999602
0.046364724000000024
0.047718203999991715
0.046417570000002684
0.04763519899999835
0.04643473899999151
0.04766058499998849
