6.232500000000196e-05
4.804199999999814e-05
4.5504000000001765e-05
4.5388999999999846e-05
4.521899999999912e-05
4.525000000000362e-05
4.5439000000001284e-05
4.556800000000277e-05
4.614499999999744e-05
4.568700000000259e-05
4.573499999999814e-05
4.558100000000287e-05
4.545699999999875e-05
4.4914000000000065e-05
4.757999999999846e-05
4.607300000000064e-05
4.5955999999999775e-05
4.593200000000547e-05
4.5652999999999666e-05
4.592900000000011e-05
4.520400000000008e-05
4.5744999999999814e-05
4.569400000000584e-05
4.564599999999641e-05
4.533099999999568e-05
4.556499999999741e-05
4.585900000000226e-05
4.5382999999996065e-05
4.629999999999912e-05
4.624099999999548e-05
4.5772999999998953e-05
4.532299999999989e-05
4.556699999999636e-05
4.56939999999989e-05
4.5388999999999846e-05
4.5967000000000924e-05
4.5928000000000635e-05
4.564500000000388e-05
4.4951000000001406e-05
4.5285000000006015e-05
4.554499999999406e-05
4.531099999999927e-05
4.542899999999961e-05
4.506400000000438e-05
4.510700000000256e-05
4.535100000000597e-05
8.478399999999747e-05
4.715999999999748e-05
4.5335000000000514e-05
4.6000999999996905e-05
4.7303999999998014e-05
4.4709000000003885e-05
4.634499999999625e-05
4.537900000000511e-05
4.558600000000024e-05
4.6489999999996257e-05
4.715699999999906e-05
4.5098999999999834e-05
4.512099999999519e-05
4.486600000000451e-05
4.5483999999998415e-05
4.533099999999568e-05
4.505300000000323e-05
4.546300000000253e-05
4.510600000000309e-05
4.488699999999346e-05
4.519700000000376e-05
4.482199999999992e-05
4.4715000000000726e-05
4.448799999999531e-05
4.4876999999998723e-05
4.517099999999663e-05
4.454999999999737e-05
4.5246000000005726e-05
4.559200000000402e-05
4.566900000000512e-05
4.474599999999829e-05
4.604499999999456e-05
4.692100000000532e-05
4.536800000000396e-05
4.511999999999572e-05
4.480900000000676e-05
4.5074000000006054e-05
4.4506999999999186e-05
4.544600000000454e-05
4.5024000000004616e-05
4.546300000000947e-05
4.500200000000232e-05
4.482199999999992e-05
4.581200000000618e-05
4.502500000000409e-05
4.5209000000004385e-05
4.52969999999997e-05
4.576400000000369e-05
4.494100000000667e-05
4.5164000000000315e-05
4.5146999999995385e-05
4.483999999999044e-05
4.469900000000915e-05
0.00014553900000000008
4.5184000000003666e-05
4.4876999999998723e-05
4.458599999999924e-05
4.4628000000004886e-05
4.466200000000087e-05
4.446400000000794e-05
4.4876999999998723e-05
4.503899999999672e-05
4.4951000000001406e-05
4.457300000000608e-05
7.88720000000076e-05
4.482000000000097e-05
4.461900000000962e-05
4.475500000000743e-05
4.470500000000599e-05
4.487599999999925e-05
4.474200000000039e-05
4.4649999999993306e-05
4.4479000000000046e-05
4.464899999999383e-05
4.450500000000024e-05
4.449699999999057e-05
4.439800000000105e-05
4.4758999999991445e-05
4.500000000000337e-05
4.504099999999567e-05
4.483299999999413e-05
5.467400000000455e-05
4.446299999999459e-05
4.4285000000005015e-05
4.456399999999694e-05
4.453899999999622e-05
4.4529000000001484e-05
4.484000000000432e-05
4.466199999998699e-05
4.451500000000885e-05
4.460300000000417e-05
4.798299999998756e-05
4.561799999999727e-05
4.53150000000041e-05
4.530799999999391e-05
4.4862999999992215e-05
9.47960000000081e-05
4.482299999999939e-05
4.451699999999392e-05
4.4645000000009816e-05
4.465500000000455e-05
4.489500000000313e-05
4.578099999999474e-05
4.527999999999477e-05
4.5612999999999904e-05
4.4595999999993974e-05
4.433400000000698e-05
4.502200000000567e-05
4.478100000000762e-05
4.4781999999993216e-05
4.450599999999971e-05
4.488899999999241e-05
4.457199999999273e-05
5.407400000000118e-05
4.467400000000843e-05
4.480199999999657e-05
4.4524000000004116e-05
4.5181000000005245e-05
4.4542999999994115e-05
4.5349000000000084e-05
4.522899999999386e-05
4.5139000000013474e-05
4.466200000000087e-05
4.4986999999996335e-05
4.5189000000001034e-05
4.456199999999799e-05
4.5417000000005925e-05
4.476700000000111e-05
4.514299999999749e-05
4.4966999999992985e-05
4.8833000000012006e-05
4.499099999999423e-05
4.5945000000005565e-05
4.491000000000911e-05
4.4976000000002125e-05
4.453100000000043e-05
4.6942000000008144e-05
4.496599999999351e-05
4.5501000000003344e-05
4.490599999999734e-05
4.446600000000689e-05
4.4742999999999866e-05
4.5532000000000905e-05
4.527699999999635e-05
4.495699999999825e-05
4.4663999999999815e-05
0.00012695899999999594
4.536700000000449e-05
0.00013742499999999658
4.5234000000005103e-05
4.5473000000004205e-05
4.5157000000004e-05
4.639300000000568e-05
4.699299999999518e-05
4.486099999999327e-05
4.5229000000007735e-05
4.5105000000003614e-05
5.174200000000739e-05
0.0001380590000000098
4.8772999999988076e-05
4.5106999999988684e-05
4.5521000000006695e-05
4.5227999999994384e-05
4.604199999999614e-05
4.5737000000004024e-05
4.5268000000001085e-05
9.371700000000704e-05
4.6643999999998464e-05
4.4966999999992985e-05
4.51979999999963e-05
4.570500000000699e-05
4.536000000000817e-05
4.4993000000007055e-05
4.5041000000009546e-05
9.589000000000125e-05
4.578400000000704e-05
4.668700000000359e-05
4.5719999999999095e-05
4.5580000000003396e-05
4.5244999999999314e-05
0.00014220499999999248
4.8553999999992326e-05
4.513700000000065e-05
4.514700000000926e-05
4.586399999999269e-05
4.541799999999152e-05
4.545799999999822e-05
0.00013407699999999634
6.526700000000774e-05
6.601600000000207e-05
7.144100000000542e-05
7.955899999999294e-05
8.361299999999627e-05
4.809399999999853e-05
4.489500000000313e-05
4.491599999999207e-05
4.510900000000151e-05
4.704699999999451e-05
4.501099999999758e-05
4.576600000000264e-05
4.519599999999735e-05
6.31540000000097e-05
8.203600000000755e-05
7.864900000000008e-05
0.00023031099999999693
0.00013636300000000046
7.014099999999579e-05
4.6656000000006026e-05
4.5089000000012036e-05
4.770499999999511e-05
4.510300000000467e-05
4.6049000000006335e-05
4.554499999999406e-05
4.402700000000204e-05
4.6057000000002124e-05
4.410600000000209e-05
4.4963999999994564e-05
4.400599999999921e-05
9.706699999999235e-05
4.464099999999804e-05
4.472399999999599e-05
4.431699999998817e-05
4.4795999999999725e-05
4.4031999999999405e-05
4.5187000000002087e-05
5.048200000000447e-05
4.567400000000943e-05
4.401699999999342e-05
4.456399999999694e-05
4.366000000000092e-05
0.00013150500000000398
4.645400000000133e-05
4.488300000000944e-05
4.40359999999973e-05
4.468000000000527e-05
5.236800000001096e-05
4.445200000000038e-05
4.383500000000595e-05
0.00014170699999999092
4.4029000000000984e-05
0.00014980299999999003
4.394300000000462e-05
4.482499999999834e-05
4.483599999999255e-05
0.00010085799999999534
4.407000000000716e-05
4.4979000000000546e-05
4.406200000001137e-05
4.779699999998832e-05
4.388099999999562e-05
8.260499999999948e-05
8.57079999999899e-05
8.616999999999653e-05
7.960899999999438e-05
0.00014313500000000257
8.154099999999054e-05
8.0232999999999e-05
7.698100000000374e-05
0.00015168399999999915
8.48879999999913e-05
4.6501000000004344e-05
4.771599999998932e-05
4.694399999999321e-05
4.410700000000156e-05
4.4702999999993165e-05
4.4326999999996786e-05
4.4820999999986566e-05
4.3994999999991125e-05
4.459200000000996e-05
4.664199999999952e-05
4.519099999999998e-05
5.4176000000003e-05
6.030399999999714e-05
4.3910999999993705e-05
9.517699999998797e-05
4.4281999999992716e-05
4.751000000000061e-05
4.452700000000254e-05
0.00013445799999999009
4.433099999999468e-05
4.5187000000002087e-05
4.383099999999418e-05
9.60680000000047e-05
4.452600000000306e-05
4.5101999999991316e-05
4.681700000000455e-05
4.547100000000526e-05
4.410999999999998e-05
4.459299999999555e-05
9.866000000000041e-05
4.498900000000916e-05
4.391900000000337e-05
4.478100000000762e-05
4.4101999999990316e-05
4.486300000000609e-05
4.432000000000047e-05
7.296199999999586e-05
6.597899999999379e-05
6.661899999998999e-05
7.371899999999987e-05
6.42099999999951e-05
7.474700000000001e-05
4.802300000000814e-05
4.432000000000047e-05
4.499699999999107e-05
4.403299999999888e-05
4.46939999999979e-05
4.439499999998875e-05
4.441900000000387e-05
4.464400000001034e-05
7.502099999999456e-05
6.495799999998997e-05
4.8169000000000683e-05
4.455599999998727e-05
4.5420000000004346e-05
4.6181000000006245e-05
4.53929999999908e-05
4.419600000001023e-05
4.5171999999996104e-05
4.4452999999999854e-05
4.524200000000089e-05
4.465299999999173e-05
0.00012624399999999758
0.00018388599999999422
8.747500000000352e-05
7.741999999999472e-05
4.717099999999863e-05
4.454300000000799e-05
4.553300000000038e-05
4.492400000000174e-05
5.150199999999494e-05
4.4909000000009636e-05
4.4847000000000636e-05
4.3656000000003026e-05
4.51319999999894e-05
4.4084999999999264e-05
4.6113000000000404e-05
4.838100000000012e-05
4.560400000000464e-05
4.501299999999653e-05
4.525800000000635e-05
4.3980999999998494e-05
4.532000000000147e-05
4.4701000000008095e-05
4.506700000000974e-05
4.744099999999529e-05
4.566500000000029e-05
4.5140999999998543e-05
4.557000000000866e-05
4.508200000000184e-05
7.080300000000816e-05
4.503899999999672e-05
4.9309999999996856e-05
4.470699999999106e-05
4.4935999999995424e-05
4.440099999999947e-05
4.495799999999772e-05
0.0009507059999999956
4.8428000000003135e-05
9.950400000000026e-05
4.780599999999746e-05
4.5042999999994615e-05
4.4681000000004745e-05
4.422400000000937e-05
4.567399999999555e-05
4.4157000000003e-05
4.988200000000109e-05
4.392999999999758e-05
4.465400000000508e-05
4.4393999999989275e-05
4.458899999999766e-05
0.00010206199999999999
4.542400000000224e-05
4.5428000000000135e-05
4.502300000000514e-05
4.392400000000074e-05
4.5296000000000225e-05
4.455600000000115e-05
4.538499999999501e-05
9.345199999999387e-05
4.53150000000041e-05
4.463999999999857e-05
4.555900000000057e-05
4.446400000000794e-05
4.5204000000007016e-05
4.432599999999731e-05
9.421600000000807e-05
4.604499999999456e-05
4.58960000000036e-05
4.402099999999132e-05
4.528100000000812e-05
4.4529000000001484e-05
4.4687000000001587e-05
4.390699999999581e-05
4.472899999999336e-05
4.573900000000297e-05
4.550300000000229e-05
4.4348999999999084e-05
4.489800000000155e-05
4.378400000000504e-05
4.478300000000657e-05
4.434300000000224e-05
4.937300000000533e-05
4.453899999999622e-05
4.509200000001046e-05
4.3991999999992704e-05
4.5227999999994384e-05
4.497800000000107e-05
4.755900000000257e-05
4.778700000000746e-05
4.5042999999994615e-05
4.46169999999968e-05
4.466200000000087e-05
4.4034999999997826e-05
4.533200000000903e-05
0.00010100899999999913
4.4781999999993216e-05
4.399400000000553e-05
4.4844000000002215e-05
4.563100000000431e-05
6.93090000000035e-05
0.00015502700000000202
8.742400000000261e-05
7.199900000000314e-05
8.095599999999314e-05
0.0001384970000000013
6.35330000000045e-05
7.474699999998613e-05
0.00015907800000000694
0.00014490899999999862
6.615300000001323e-05
9.255199999999575e-05
7.742999999998945e-05
0.00010583599999999804
4.498000000000002e-05
4.536900000001731e-05
4.3803999999980636e-05
4.642800000001501e-05
4.4101999999990316e-05
4.492300000000227e-05
0.00012202299999999888
8.344500000001531e-05
7.867800000002645e-05
0.0001577160000000022
0.00010402700000000653
4.564100000001292e-05
4.4076000000004e-05
4.521899999998524e-05
4.4546000000006414e-05
4.49580000000116e-05
4.3989999999993756e-05
4.505599999998777e-05
9.544200000000114e-05
4.5431000000012434e-05
4.376400000000169e-05
4.4949999999988055e-05
4.394500000001744e-05
4.476200000000374e-05
4.416199999998649e-05
6.690200000000757e-05
4.6258999999992945e-05
4.547599999998875e-05
4.4271000000012384e-05
4.490699999998293e-05
4.417099999998175e-05
4.5344000000002715e-05
4.3952999999985476e-05
4.9306999999998435e-05
4.6645000000011816e-05
4.5202999999993665e-05
4.378700000001734e-05
4.4704000000006516e-05
4.389599999998772e-05
4.843999999998294e-05
0.00035223200000000787
4.7133000000004754e-05
4.4612999999998904e-05
4.515800000001735e-05
4.546799999999296e-05
4.467399999999455e-05
0.00011178400000000366
4.486099999997939e-05
4.389599999998772e-05
4.459100000001048e-05
4.4029000000000984e-05
4.6578999999991044e-05
4.465200000000613e-05
4.5165999999985385e-05
0.00012127000000000665
4.470599999997771e-05
4.4197999999995297e-05
4.860700000000606e-05
0.00010363100000002068
0.00017467700000001196
4.525700000002075e-05
4.8664000000003815e-05
8.112299999998851e-05
8.713800000001437e-05
8.024500000000656e-05
0.0001472809999999991
8.348900000001991e-05
8.843799999999624e-05
0.0009357969999999882
9.125499999998454e-05
8.27559999999894e-05
8.836099999998126e-05
9.034300000002049e-05
9.946899999999093e-05
8.918499999999163e-05
9.16590000000217e-05
8.643399999999635e-05
0.00015567500000002177
8.598199999998446e-05
8.689000000000613e-05
7.325699999999324e-05
0.00023229099999999558
8.494200000000451e-05
9.146300000001384e-05
9.139699999999307e-05
9.111800000000114e-05
9.078000000001252e-05
0.00028706199999997684
9.384700000000801e-05
9.135699999998637e-05
8.201999999998821e-05
0.0001521939999999944
9.306500000000328e-05
9.230699999998593e-05
0.0001394530000000116
0.00014129399999998626
5.03560000000014e-05
4.5090999999997106e-05
4.378400000001892e-05
4.466000000000192e-05
4.5749000000011586e-05
4.574699999998488e-05
0.00015694199999999325
4.530099999999759e-05
4.43119999999908e-05
4.5063000000011844e-05
9.764199999998113e-05
4.5213999999987875e-05
4.4440999999978414e-05
4.486500000000504e-05
4.4365999999990136e-05
4.5179999999978016e-05
4.433900000000435e-05
4.4957999999983844e-05
9.202499999999558e-05
4.4903000000012794e-05
4.46570000000035e-05
4.505299999998935e-05
4.414099999999754e-05
4.557600000001938e-05
4.3544000000006466e-05
7.979399999999415e-05
4.6653000000007605e-05
4.5288000000004436e-05
4.470099999998034e-05
4.464300000001087e-05
4.44739999999888e-05
4.476700000000111e-05
4.4362999999991715e-05
4.5493000000007555e-05
4.602199999997891e-05
4.543200000001191e-05
4.413100000000281e-05
0.0001119519999999985
4.404900000001821e-05
4.513200000000328e-05
5.201200000001793e-05
4.776600000000464e-05
4.49580000000116e-05
4.521199999998893e-05
4.44170000000188e-05
0.00014697399999999416
4.45580000000001e-05
9.836199999999073e-05
4.4499999999975115e-05
4.477699999999585e-05
4.485600000000978e-05
4.573599999999067e-05
4.448300000001182e-05
4.461000000000048e-05
0.0001542089999999885
4.655099999997803e-05
4.5811999999978426e-05
4.488999999999188e-05
4.397400000000218e-05
4.482000000000097e-05
4.4053999999987825e-05
4.54800000000144e-05
4.6642000000013395e-05
4.563999999998569e-05
4.412100000000807e-05
4.478499999999164e-05
0.00011817499999999814
4.6362999999993715e-05
6.202099999999544e-05
4.681700000000455e-05
4.479999999998374e-05
4.500699999998581e-05
4.402200000000467e-05
4.521599999998682e-05
0.0001038889999999959
4.561799999999727e-05
4.678899999999153e-05
0.0006560650000000112
0.00011868200000000884
4.594500000001944e-05
4.39180000000039e-05
4.4605000000003114e-05
4.438000000001052e-05
4.478499999999164e-05
4.7069000000010686e-05
4.6359000000023576e-05
4.429499999999975e-05
4.471799999999915e-05
4.410899999998663e-05
4.481400000000413e-05
4.682999999999771e-05
4.8056999999990246e-05
4.446099999999564e-05
4.4610999999999956e-05
4.428900000000291e-05
4.4618999999995745e-05
4.546599999999401e-05
4.486200000000662e-05
4.683299999999613e-05
4.539800000000205e-05
4.390800000000916e-05
4.458500000001364e-05
4.3677999999991446e-05
4.686000000000967e-05
4.718300000000619e-05
4.550300000000229e-05
4.422999999997845e-05
4.482499999999834e-05
4.500100000001672e-05
4.426099999998989e-05
4.4031999999999405e-05
4.458599999998536e-05
4.620699999999256e-05
4.4872000000001355e-05
4.464299999998311e-05
0.00011027299999999407
8.47140000000135e-05
4.528300000000707e-05
5.178600000002587e-05
4.7266999999989734e-05
4.375799999997709e-05
4.572399999999699e-05
8.191000000001836e-05
0.000231131999999995
4.901600000001283e-05
4.4149999999992806e-05
4.493600000002318e-05
0.00010723299999998437
5.1272999999990576e-05
4.607099999998088e-05
4.49770000000016e-05
4.455300000000273e-05
4.550600000000071e-05
4.4458999999996696e-05
4.569900000001015e-05
4.448399999998354e-05
0.0001192130000000069
6.305499999997854e-05
7.688399999999929e-05
7.156799999999408e-05
6.784199999998464e-05
0.00020425099999998864
7.192100000000257e-05
7.479900000001427e-05
8.402900000001323e-05
4.980600000001334e-05
4.580300000001092e-05
4.429100000000186e-05
6.085000000000118e-05
4.670099999998234e-05
7.029299999999905e-05
8.217899999998779e-05
7.64530000000041e-05
8.440800000000803e-05
8.752099999997931e-05
6.494699999998188e-05
6.191899999999362e-05
0.000461674000000023
4.632400000001424e-05
4.3895000000016005e-05
4.6615999999999325e-05
4.4437999999979994e-05
4.5093999999995527e-05
4.5805000000009866e-05
4.492999999999858e-05
4.426599999998726e-05
6.50000000000095e-05
4.56759999999945e-05
4.5932999999998e-05
9.974899999998232e-05
4.5243000000000366e-05
4.398899999999428e-05
4.494800000001686e-05
4.426099999998989e-05
9.331500000001047e-05
8.002000000001397e-05
0.00019880499999999635
8.922000000000097e-05
8.525199999998012e-05
7.1294999999999e-05
7.536399999999444e-05
0.0007334569999999929
7.743099999998893e-05
0.0012927470000000107
8.347000000000215e-05
0.00010870700000001343
4.933900000000935e-05
4.4210000000016736e-05
8.713599999998767e-05
4.7960999999985265e-05
4.6738999999990094e-05
4.603799999999825e-05
9.816300000001221e-05
4.974399999999046e-05
4.521599999998682e-05
0.0013142540000000147
4.642899999998673e-05
0.00031837199999998345
0.00025463900000000095
7.752399999999549e-05
4.729200000000433e-05
0.00021055899999999905
4.882600000000181e-05
4.423600000000305e-05
4.477699999999585e-05
0.0001264380000000065
8.434699999998463e-05
0.0002476000000000145
0.0004862840000000035
0.0001272429999999991
4.539300000000468e-05
4.3898999999986144e-05
8.265899999998494e-05
0.0001426990000000239
8.090199999999381e-05
0.0001950260000000148
0.00021070700000000442
0.00015626999999998614
0.0001918259999999783
8.327299999999482e-05
7.752899999999285e-05
0.00010517900000001079
4.940999999999973e-05
4.8039999999999194e-05
4.585599999998302e-05
4.460300000000417e-05
8.29289999999816e-05
8.513299999998725e-05
8.078599999999936e-05
0.00013297300000000845
9.049699999999494e-05
8.064900000001596e-05
8.368400000000054e-05
7.736199999999749e-05
4.625499999999505e-05
4.452500000001747e-05
4.4882999999995565e-05
4.550500000000124e-05
4.5898000000016426e-05
4.599099999999523e-05
6.971500000002573e-05
0.00011559499999999612
0.00014056100000001126
5.186700000001099e-05
4.604499999999456e-05
4.388199999999509e-05
4.49180000000049e-05
0.00013252599999999393
0.00017508999999998887
8.225600000000277e-05
0.00022509900000000638
6.843200000000715e-05
7.593300000000025e-05
7.680399999998588e-05
4.915099999999728e-05
4.5080000000002896e-05
4.51350000000017e-05
4.432499999998396e-05
4.901100000001546e-05
4.4468000000019714e-05
4.48779999999982e-05
4.3976000000001125e-05
4.639400000000515e-05
9.872899999999185e-05
4.94400000000117e-05
4.4375000000013154e-05
0.000164808999999988
4.745000000000443e-05
5.109699999999995e-05
4.722399999998461e-05
0.00015356599999999387
6.952300000001577e-05
4.638299999998319e-05
0.00013956599999997987
4.7733999999993726e-05
5.683300000000613e-05
4.5050000000018686e-05
9.84259999999848e-05
4.6058000000015475e-05
4.434000000000382e-05
4.525499999999405e-05
4.4253999999993576e-05
4.464699999998101e-05
4.376700000000011e-05
8.354099999999254e-05
8.505600000000002e-05
4.577000000000053e-05
4.45390000000101e-05
9.945399999999882e-05
0.000316171000000004
4.564199999998464e-05
4.4080000000001895e-05
4.518600000000261e-05
4.675300000001048e-05
4.5113999999985e-05
4.3791000000015234e-05
4.5184000000003666e-05
4.5811999999978426e-05
4.509800000002118e-05
4.367000000002341e-05
9.719699999999332e-05
4.56759999999945e-05
4.4842999999988864e-05
4.378399999999116e-05
4.512299999998026e-05
4.364100000001092e-05
4.477799999999532e-05
5.3970999999986e-05
4.6856999999983495e-05
4.43559999999954e-05
4.4656000000004026e-05
4.6210000000018736e-05
6.132999999999833e-05
8.017200000001723e-05
4.855500000000568e-05
7.872200000000329e-05
4.925000000000068e-05
4.484699999998676e-05
0.00010139800000000254
4.460199999997694e-05
0.0001189960000000101
4.4378000000011575e-05
4.506299999998409e-05
4.369400000001078e-05
4.472199999999704e-05
0.00016117600000001286
4.526899999998668e-05
4.379300000001418e-05
4.473599999998967e-05
4.361799999999527e-05
4.56509999999799e-05
4.37810000000205e-05
4.609799999999442e-05
4.545000000000243e-05
4.464299999998311e-05
4.384199999998839e-05
4.467399999999455e-05
7.629700000000295e-05
0.00013314200000000276
4.454800000000536e-05
4.557999999998952e-05
4.381700000000155e-05
4.5187000000002087e-05
4.428499999997726e-05
4.480700000000781e-05
8.187700000000797e-05
4.7002999999989914e-05
4.42969999999987e-05
4.468499999998876e-05
0.0001166280000000075
4.630899999999438e-05
4.411800000000965e-05
4.4743000000013744e-05
4.61790000000073e-05
4.500399999998739e-05
4.476400000000269e-05
8.914199999998651e-05
8.330400000000626e-05
6.879500000001038e-05
6.556000000002005e-05
7.154400000000671e-05
8.319500000000812e-05
0.00015296200000000648
6.353500000000345e-05
7.374499999998618e-05
0.00010788800000000043
7.348499999998426e-05
7.506800000001146e-05
7.933199999998752e-05
7.805999999999091e-05
7.635200000000175e-05
8.322899999999023e-05
0.0001606050000000081
7.939299999998317e-05
9.936399999999068e-05
0.00013970199999999156
6.589199999998407e-05
4.6282000000008594e-05
7.392300000000351e-05
4.643999999998094e-05
4.509199999999658e-05
4.387899999999667e-05
4.5229000000007735e-05
4.419899999999477e-05
4.4799000000012024e-05
4.351999999999134e-05
6.113999999998732e-05
8.401999999999021e-05
8.543900000002047e-05
9.15900000000025e-05
8.880099999999946e-05
0.00018545500000000104
6.245999999998642e-05
9.532800000000563e-05
6.778999999998425e-05
0.0007133890000000087
4.668000000002115e-05
4.436399999999119e-05
4.481800000000202e-05
4.364000000001145e-05
4.7132999999977e-05
4.5771000000000006e-05
4.488999999999188e-05
4.6205999999993086e-05
4.510400000001802e-05
4.3853999999982074e-05
4.6504000000002765e-05
5.116300000002072e-05
4.687000000000441e-05
4.452800000001589e-05
4.4786000000018866e-05
4.38590000000072e-05
4.4920000000003846e-05
7.485699999998374e-05
4.5552000000004256e-05
9.391899999999787e-05
4.532400000001324e-05
4.4069000000007685e-05
4.475300000000848e-05
4.378200000001997e-05
4.563999999998569e-05
7.701800000001202e-05
4.740999999999773e-05
4.448399999998354e-05
